248
281474976776192 281474976776192 354042744226304
131072 8388608 281474985295872
140737488388096 2199023256064 422229645033476
70368744194048 17179869188 495901233891085
17179869188 70935680008332 571230650501
8 21493711877 17196646412
140746078322690 354592525207168 17179869188
140763258191878 352393476784256 70385924063236
140746078322698 25166848 17180000260
70373039161345 21477064717 571247427725
70390219030533 17180000268 571230782605
70373039161353 21476933637 70390237904909
283674000032256 425511025345280 2199023256064
1024 25790906374 2199040034304
283674000033280 25296896 2199023387136
424420078487050 25165824 131072
72589242287621 131072 549755946112
1099511628032 141854179886348 3307124818690
284773511660288 144036023272192 142936511644160
70918500008064 25773999118 3307141596930
70918500009088 25773998086 144036044244736
72018011636096 17179870220 3307124950794
72026601570698 1024 8590065674
72039486472581 17179869196 558345880714
8388608 211132004483078 549766299776
2216211513860 211106232713216 549755814016
70373047550977 25772032006 549772591232
16908288 355142270534400 8388608
16778248 23068672 16777216
25296896 351843723067392 70368752582656
422238260264966 351843720970240 70368744194048
70373064327177 2097152 70368763068416
4194304 1670746472837 8602517506
1108105756930 1649267443072 8589934594
70918504202376 21479031813 8606711810
21102592 3298539078400 140737496776704
425511021150976 3298534884096 140737488388096
70918520980608 4194304 140737509359616
70368746291200 141317308973191 558360428674
71485437788420 141304424071308 558345748610
554052878465 12884901899 558362525826
70368754679808 140763258191878 142386770510208
73667289563904 140737488388096 142386755830144
70918510494848 25769803782 142386776801664
70368750485504 571230650501 70381643776003
70394520289286 549755814016 70381629095939
70373045452809 21474836485 70381647970307
34176 566935685184 354042745462784
8454149 70390219276368 70385924309056
2098176 12918456368 1649334556672
8388616 211106300428288 12918456368
8519680 422212533747712 422212600856576
4194312 2748913297408 21508390992
4195328 3298669113344 3298602004480
2228224 21508390992 351843856416768
2097152 4328521744 353493224527872
1024 3311654678576 1099578740736
8388608 140737555988480 422225586421808
4194304 2199157481472 3320244613200
131072 422234176356432 281475111976960
8 213855247280128 4328521744
1408 549755815936 354592501278720
8454148 351865197035600 17179869248
8601605 21474836560 70368744439808
2147712 17179869248 351843722199040
1 70922795223056 571230652496
1153 562640717872 549755815936
8486912 281474977759232 422229646508096
8388613 70368744439808 70381629341744
512 141845590446112 141845590446112
32768 284223756838912 283691180892224
34048 3315714764864 2199023263744
33280 282574489391104 142936512143360
513 70377334374432 558345750560
4194307 549755815936 21474836560
4195072 1099511631872 3298534895616
32778 2748779079680 17179869248
2097792 8589934624 142386756327424
524 211106233319424 8589934624
197120 422212466638848 140737488879616
21102592 134217728 134217728
25166848 67108864 67108864
18874376 33554432 33554432
2113664 8589934624 140737488879616
514 1099511631872 8589934624
149538144780288 8389126 448609870938112
149560961794048 180352 74775917494272
1179505393664 8389632 2629593726976
2629593726976 2228224 590826438656
301678502871040 4325376 185886184570880
109955726180352 2097160 74773501575168
110535278329856 8388616 301678502871040
149544855666688 4195328 184727080271872
11274289152 1024 187358821482496
111989661630464 8388608 2611340115968
2611340115968 131072 186751888916480
109951162777600 8 411636376535040
486407730626560 4194304 184717953466368
112587467390976 2097152 6710886400
4563402752 8389124 448628124549120
448628124549120 180224 74766790688768
149542708183040 4374912 9126805504
149533581377536 8390406 149542708183040
31943819264 128 74789607702528
1181921312768 8389248 18253611008
299067162755072 163842 225468603170816
18253611008 147584 597805760512
4088808865792 65536 4088808865792
373838516846592 2 523367534821376
224884487618560 8388614 299067162755072
299651278307328 65538 300235393859584
1186484715520 65664 602369163264
4563402752 137 74771354091520
584115552256 65548 301403624964096
74771354091520 2097155 74766790688768
1168231104512 67072 3522946924544
2354715820032 2179072 584115552256
301403624964096 4292608 1168231104512
35184372088832 20971528 35184372088832
274877906944 25296896 274877906944
2147483648 18875392 2147483648
1168231104512 1792 1168231104512
584115552256 65537 584115552256
2203318231056 448618997743616 4194566
73117523519488 74785044299776 213120
1649301002240 1452235816960 4195328
211106300428288 590826438656 2228224
422212533747712 336587997052928 8519680
21609054288 74773501575168 2097160
25904021600 150976690388992 4194312
2748812634112 334269788454912 8389632
549789370368 335724171755520 1024
1675272132704 1443109011456 4194304
140737555988480 337453701398528 131072
17314086976 260934564052992 8
424961480599552 334251534843904 8388608
211127943037008 6710886400 2097152
4294967312 448628124549120 4194562
354592501278720 74766790688768 212992
2748779079680 18253611008 8602240
2199023263744 299085416366080 4196102
70922795223056 74780480897024 128
1653562415120 9126805504 4194688
281474977759232 376170415652864 196612
70368744439808 606932566016 147584
141845590446112 4088808865792 32768
281496452595792 523367534821376 4
2224793067616 149533581377536 4194310
281483567693856 151870043586560 32772
71468256071680 593242357760 32896
4294967312 74771354091520 137
8589934624 150701812482048 32778
21474836560 74766790688768 2097157
1099511631872 3513820119040 34048
211106233319424 584115552256 2146304
422212466638848 2336462209024 8486912
134217728 35184372088832 25165832
67108864 274877906944 21102592
33554432 2147483648 18875392
1099511631872 2336462209024 1792
8589934624 584115552256 32769
35651618 3307124817920 213918276
278596 422229644935168 1675554
213913856 354042744143872 35660288
1679872 142386755796992 282880
2261 351860900757504 8721
2227 1657857376256 4369
2193 353523053101056 17
213924821 351843720888320 8704
1686451 1649267441664 4352
34 1108101562368 213918327
278528 422238234869760 561442
35651584 3324304687104 142615108
68 281492156579840 1675639
1671236 140737488355328 1675520
213909538 2199023255552 213918208
143163392 142936511610880 72417280
71307520 354592499957760 35651584
1122816 212755499974656 278528
35651669 17179869184 8772
557056 141836999983104 72138752
107511808 3298534883328 71303168
278579 8589934592 4386
143998976 422212465065984 1114112
142606336 283673999966208 179372032
8704 70368744177664 289408
4352 549755813888 35658112
2176 4294967296 2193
278528 4294967296 278528
35651584 4294967296 35651584
212205744160768 68987912449 4638564696960
284223755780096 8798240538632 61847529292800
3315714752512 4569845219968 137707389441
422221055000576 53051436237824 17594333593608
2765958938624 8797703667718 137975824898
211114822467584 70330089734 17592722980866
213885076373504 1610612742 536870914
2216203124736 30959734997638 137438953984
140746078289920 53259205281542 17592186109952
211106232532992 68719476992 13435194622850
354592499957760 2147483656 61572651384832
212755499974656 268435457 240518169472
2748779069440 8796093054976 61916785640706
281474976710656 44255343182848 53051436237824
1099511627776 4501125742976 4569845219968
282574488338432 4672924435456 4672924435456
3324304687104 171798692480 268435457
422238234869760 52776558329856 2147483656
549755813888 8796898361347 206158430976
422212465065984 274877907968 39584566231048
141836999983104 309506081921 4398046527488
70368744177664 71403831562 26388279164928
283673999966208 39584566231048 274877907968
3298534883328 4398046527488 309506081921
17179869184 17592186109952 140660179468
8589934592 137438953984 17593528287237
4294967296 1073741828 1610612742
4294967296 2147483656 2147483656
4294967296 268435457 268435457
4638564696960 4369 212205744160768
61847529292800 35660288 284223755780096
137707389441 557158 3315714752512
17594333593608 215023616 422221055000576
137975824898 289408 2765958938624
17592722980866 285056 211114822467584
536870914 280704 213885076373504
137438953984 1960678 2216203124736
17592186109952 215865728 140746078289920
13435194622850 4352 211106232532992
61572651384832 35651584 354592499957760
240518169472 17 212755499974656
61916785640706 8704 2748779069440
53051436237824 213918208 281474976710656
4569845219968 4454 1099511627776
4672924435456 71303236 282574488338432
268435457 557090 3324304687104
2147483656 143720448 422238234869760
206158430976 10897 549755813888
39584566231048 71303168 422212465065984
4398046527488 71303219 141836999983104
26388279164928 35658112 70368744177664
274877907968 178257988 283673999966208
309506081921 68 3298534883328
140660179468 1114112 17179869184
17593528287237 557056 8589934592
1610612742 278528 4294967296
2147483656 35651584 4294967296
268435457 17 4294967296
