R 1 18 78
R 2 66112 65547
R 4 83968 2055
R 14 65536 67650
R 16 19398656 16
R 24 524288 680509
R 32 819200 1024
R 33 2116611 64
R 64 544 33120
R 128 17409 1248
R 161 20065 65
R 165 20064 1
R 256 557057 417
R 264 1147488 1
R 270 66144 65
R 280 1572864 545
R 416 1 33825
R 495 608 64
R 512 17825808 512
R 544 16 680914
R 545 2097168 82
R 1024 8 14592
R 1024 8208 14592
R 1056 9208617 256
R 1312 819201 1280
R 1568 8388624 24832
R 2048 8960 273408
R 4100 2107418 2048
R 4224 1058592 1024
R 6272 8992 1280
R 7168 8192 270600
R 7175 26 8
R 7392 800 256
R 8192 786432 13320
R 8200 8717146 8
R 8202 74560 2056
R 8216 8912896 24584
R 9472 819200 1024
R 10250 858 2048
R 15374 8218 2056
R 16384 25182208 16384
R 20480 16384 679474
R 20484 2113536 2066
R 20608 1064960 1568
R 32768 148 458880
R 32800 4882437 128
R 33184 21505 32896
R 33312 4194320 655488
R 65538 2097366 65536
R 65600 1736864 32768
R 67584 8389020 262144
R 98306 150 65540
R 98307 22 4
R 131072 20480 233472
R 136192 925724 266240
R 151552 4210688 659456
R 236544 917532 262144
R 262144 655488 425988
R 262152 4413440 4
R 262156 88064 65540
R 262168 4718592 655364
R 327744 709760 32896
R 360448 128 135300
R 360800 709632 128
R 362496 917632 266240
R 371712 4206620 4096
R 393228 22528 65536
R 492000 21504 32768
R 506880 5124124 4096
R 524288 20972032 524288
R 589824 512 909874
R 589826 2097664 65554
R 589888 1049088 33312
R 591872 8389120 286720
R 610871 2097152 18
R 611288 1048576 544
R 618040 8388608 24576
R 971320 4194304 655360
