247
65536 2199024304128 1179648
134217728 35184372088832 280233193699071
18874377 129 4398056996864
4907338020 33152 274726912
128 2510292141 3080
67108900 309237661696 274728091
8388608 524288 140737589018624
70368777732096 839749992448 39582418599936
3298669101056 318858372055040 3148883618112
895350 2415919104 10485765
422234074130752 197912092999680 17593805052708
16777225 18874369 34370371629
8865349369856 11264 274877906944
120914336269440 768 68719476736
4432674684928 1048648 17179869184
4398046511104 393240 35186536349696
118749671720064 2 13262859010048
281475110928384 247390149804032 278318713211136
3317996453888 316659348799488 3458121410880
623345174802 645 8388608
8589938688 13434926252160 297216
105574725331264 9663676928 17592194433060
26389352808448 131072 105553133043712
33024 1872394821531 2048
105574725320704 8589934592 439804726607908
213855145820160 4294967296 360639851659282
274878038016 206699593986 442395
316659483017216 105553149820928 278932394704914
35751441989632 105561840418816 282711927881728
10804527104 1099595513856 2491417764
8657043456 3592824029184 2415920256
1099511627776 319408161423360 932545218816
884772 1239366500352 34370240517
25904033856 13194407968896 1152
889344 1241782419456 70330123008
213855147163712 4831838464 8796097216530
35461397479424 234881024 1236951171072
1239367091328 16389 172872433664
158329674399744 114691 8796629893120
33554448 1350566532 36
79164950446134 384 4194304
824650940425 19730006144 34359885888
1645376 2199023255552 8256
1657858166784 137975890176 301824
2199157473280 389231411200000 284606546233600
32768 4831840512 1312768
3317998101696 321057395310592 1056832
147529 18874368 6291459
274928369688 8388612 6966
16384 37748754 393232
27 75497472 1623196422
67108864 274877906944 2472543387
1053184 119058909364224 69524816256
275029033032 2097153 27
17592194433024 1709152 140737488355328
19461570560 316659483017216 3465369171648
8933531975680 133120 70643622084608
75497508 115072 270532608
3298670739520 323256418566144 103617587520
105563971125248 83886080 75497508
1179 4907335680 1614807810
2147483648 317759061753856 1249030772352
10496 158329674399744 1352663685
16387 22145935680 1048592
35184372088832 105561806864384 177021372071936
8657048100 3764901724293 268436608
129 309390884937 8
1101659702400 1236988395522 137976416512
268280889606171 3 4398046511104
892827 4831838208 1610613504
4294969344 17593796657920 4608
645 309237792768 7168
884736 1236950581248 242139382533
140737488355328 22196927955200 13194139533312
206158430208 2048 824667275264
67108896 241061445891 147465
103079215104 8192 459870872535040
2231370792 543162627 18
4831840512 33024 208043769856
442368 159576288657408 137439019008
16385 1877685938550 16
384 2415920256 140288
12155098788 16384 268435456
12952017700 2218619043968 268436672
70368777732114 944718791558 4398046511104
1374407049225 927750733826 34364080146
316659483017280 118747293548546 30992489086994
270532608 791608 8589934592
549756108800 118769401725184 34360934400
16389 1855502254116 524304
65536 3126737682432 131072
70922794958848 30064771072 281474976710656
8796093022208 140288 176196738351104
2218351666176 8796093022208 3456
4398851817472 8 19344130048
211106266087424 828928688128 39582456348690
21609064768 197921756676608 17593536624292
451776 134217728 1048640
33536 1865090437632 526336
35184372088832 13195225858566 22127672098816
64 197912111874048 270532737
274894831625 947499614339 34359885824
18 12155092992 8388612
36 2169551978496 34361851905
22093326450688 96 134217728
274878038016 137447407620 596790
1108102156800 1855425970176 536873216
549756076032 17730698805760 589824
105553149820928 8673820672 39582494097444
2748913287168 105557411233792 363766589341714
21990232555520 1048576 351843855106048
134217792 52776560230401 1161
21474846720 17592186044416 5805
2216338399296 277076930199552 137976416512
2415920256 16385 13367817273344
1073741824 262160 105568165429248
768 9663681024 536688
79164856074249 130 4398050705408
2203453491520 197916924838144 536873216
173140869120 1048576 3848290697216
623307426048 512 206166818816
1216 79164856074240 272629890
4194304 4096 1099595513856
103083409408 8288 1099645845504
158332090320000 16387 13194676404224
282576770039808 317758893981696 1241783011584
33554432 2147483648 39582571692105
4608 120914335236096 69256380672
35701915648 1048592 3865470566400
2097152 32 8791261184
1236951171072 115461 138512695296
318033873289280 37748738 206163509266
140737488355328 177575422853120 105557948107008
2147484800 322294555672580 138781726336
105553149820946 9758048773 4398054899748
119058909512832 770 17660905521152
134217792 39582418599936 30890763154038
319408262086656 105553116266496 362495278415890
142940940795904 178125178667008 281479808551168
422212599283712 177021372071936 277091501218596
274945146912 69262672131 147483
75497508 65536 278921216
1649335336992 137707454592 147501
35461397628032 113246214 137439543296
837636512575 19595788416 64
4398046511104 1048640 422229644935168
2748780380160 17592186044416 589824
10560 158332090318848 278921349
422212599283776 199149043646464 30787944586020
1664350952472 536871168 6912
21609054208 175930450378752 439833986086564
33152 2472543387 133120
49536 56623131 131072
2197816344 545259780 6930
2199158521920 402426087604480 103617579264
318033872551936 33554432 1855464505362
2304 158344169914368 1073742336
512 1555852644864 6144
141845589917696 3848290697216 4831840512
1382980128768 69256380672 294912
3 134217792 1048648
12864 118749671718912 268435584
824650498048 19461570560 309372010560
158344169921280 32768 536870912
283691179835392 492581209243648 282716759722240
1197 4888461312 4194306
549755813888 105574725320704 283983238807552
770 2208687985152 8304
147492 623363751936 34366046211
207515287552 786432 33554432
258 2218620101760 8192
741888 623307128832 68719509504
2748914630720 118752087638272 8899177922578
2199024304128 4432674701440 445824
837636063232 19327352832 134217792
17314086912 457405561307136 282741187360384
1490944 158329674399744 137439019008
26388287455232 136192 140737505132544
4 3436050972708 48
2147484672 8796105605126 2322
33554450 2415919232 4398048608329
2281702464 8796095119361 1170
49155 22011717888 1048576
274894684160 844145623040 309237792768
65536 618475585536 917504
1342177280 16 3869799088128
844095291392 134217728 3436108644352
4399120252928 393232 105555280527360
12952010752 2218350608384 2550138048
1048576 39894072164352 103884571008
807403520 5128 8606711808
68723671040 800864 1099511627776
774 2199024304128 112
1057920 79164837199872 805306752
4888463643 128 34366029824
34896609280 8200 292057776128
130 2550138048 8200
10804532900 1237045018629 276825252
34359738368 8272 3315714752512
623364049179 133 34368126976
137438953472 1312768 72018011619328
3311554002944 2199023255552 22145927424
19461579968 321057529528320 138782783168
422234074120192 175921860444160 439819222129444
1638436 311653564416 34359754752
212480739508224 824633720832 37748754
21609064512 17592454480000 1197
311653713024 4 17763984736256
158329674399744 65536 26388815937536
281475110928448 278313918595074 30786325577728
1344274432 786448 8623489024
2 26977776192 8272
2169553013019 5 34359738368
1099512217600 323874931638274 103616530688
211106266087442 932544823552 4398050705426
115461 1855426756608 524288
35751442292800 118756919476736 137439543296
105563971131071 94371845 8388644
1246614852096 65536 1073741824
1241783011584 33536 207232172032
536870912 2048 279172874240
4294969600 200137959801344 268444800
133 309313290276 7176
8899172237312 8192 457396837154816
17314095168 479396867604992 138781734528
79164837199872 258 26388283260928
3298603565088 34628190336 147456
206162624512 788480 1099545182208
2207614242816 13228767723648 298368
422223336707776 1236950646784 1619008292
4294967296 178146653503488 281494572508288
319408263430208 118747255799808 9002256531474
26389099053056 5120 16777216
22127671508992 1441792 70368744177664
21990240944128 1048672 140737622573056
536870912 1032 285615325184
1670977955952 268435584 45
1924146266112 137439019008 1039149
1374406311936 824667275264 309275541522
212480740245567 927712985088 4194322
16777216 16777216 309332164653
147456 623344877568 103085555715
422223336701952 1099511627776 14571019044
147456 1246689755136 137439019008
39894072312960 774 17592186044416
5 75497508 531496
1152 79164950446080 541065474
