R 1 1 1
R 1 1032 1
R 2 8480 8220
R 5 1024 560311
R 8 294912 262158
R 16 9445376 282
R 22 8192 270600
R 32 1048581 32
R 64 160 4992
R 128 4199424 708
R 132 12708 4
R 133 1028 164
R 134 8608 260
R 198 416 256
R 256 4358144 131520
R 528 13008904 256
R 544 1048576 561001
R 560 1048584 265
R 784 4620288 260
R 792 425984 4
R 896 4194304 135300
R 1024 35 1024
R 2050 360776 8192
R 2112 229572 4096
R 3072 32 586921
R 3074 40 8201
R 3136 36 4256
R 4096 3072 22530
R 4100 11544578 2
R 4101 1026 3074
R 4116 11902976 8194
R 8192 98368 79872
R 10304 236608 4160
R 10560 236544 64
R 16384 3145792 26688
R 16896 6298626 64
R 16928 1048578 3136
R 17280 4201472 4160
R 20500 11894784 8192
R 26624 64 67650
R 26626 360512 8194
R 30750 360448 2
R 31680 7168 4096
R 32768 32785 32768
R 65536 524832 933888
R 67584 19923536 16384
R 68608 48 573440
R 83968 19923008 81920
R 131072 541696 720912
R 131076 26238992 16
R 131077 1040 557072
R 131094 26222592 262160
R 262152 787240 262144
R 262400 656036 131072
R 270336 609282 65536
R 294912 32768 494761
R 294920 32776 262153
R 295168 32772 131232
R 298469 4 160
R 298555 8 9
R 303104 32770 68608
R 325157 2 3072
R 327688 26739488 262160
R 327690 26215200 16
R 401408 543744 81920
R 405504 19456 16384
R 458752 524288 541200
R 459008 524960 131584
R 524288 17825792 852480
R 524800 20993040 512
R 524832 1048592 557568
R 524928 4216480 131584
R 608256 19922944 65536
R 656000 22176 131072
R 757285 16 557056
R 983070 26214400 262144
R 984000 672 512
