248
18691697672192 137439477760 150220776145440
9345848836096 1073745920 176334252802048
13194139582464 6442454016 2147614720
2097152 884790 137447342592
1025 52810937794624 269484768
2050 22267526389760 1576
18691697676292 449909887072 544
18691697677317 34371272800 281509336449568
18691697678342 278099136512 35459249996320
2199023263744 57174889865216 269485800
2199023264769 52776574910464 35461667096296
2199023265794 21990500999168 281509472765672
49155 41943060 1073807360
4295000064 87967389450496 3221880832
4679366918144 3238006784 35460324261888
32716913432582 3221229568 35459249995776
294912 34630270976 1064960
21990232555525 137439019008 2709
2216203126786 21994527523072 2050
2216203124736 123424475185408 7516882946
2220498124800 87965225189632 9353403465728
2224793124864 53051436040192 35466766879754
258 2304 1073743872
1236950581248 561408 1236950585856
2224793131014 274877906944 274877907970
10485760 131072 274928238592
9663676416 1614176 17448312960
824633720832 134217792 292538812473666
9345899167744 278929504 281509411946496
32710521263109 10485856 281509336449024
2199073597442 268443648 281509472763904
2199157473280 92393371074562 249561088
65536 137439019008 1073807360
67108864 22578644156672 41943042
9345949499392 691490291968 9345924333568
2097152 131080 18875392
2220598788096 4294967552 9345886584832
442368 2097152 1064960
281474977153097 16777216 35184373268480
28037647171584 687195324416 9345848836096
2199174250496 87960963776514 9350662881280
1342259845 131072 6710886400
2220649119744 87960930222080 9350451068928
2199224582144 22024593342464 281509586012354
2199224587269 34360786944 281509336451266
2199224592386 21990232555520 281509472766146
268452485 131090 6710887424
2097668 884754 137480897024
8866423209984 1362176 550024249344
17729637580800 602752 137441050624
4432406249859 12964 137438953600
17729635483648 131145 274880004096
8865617854464 1097 275146342400
4432406250117 1359890 549755814016
31028454457989 1359872 549755813888
8865349402624 1371593 268435456
31026856329603 12928 137438953472
31027659587584 73 274877906944
4432406249601 1372919 128
17729633386496 1798857 2097152
805355520 1024 278099132416
4672924418048 8388640 422385338023936
516 294930 137480899200
645 18 556466703360
1084293120 1015808 33554432
1073807360 428288 4596957184
2097539 36 137438955008
12583428 589824 137480896512
541098242 7936 1073741824
270549121 131116 1024
268451840 1050 2415920128
268452098 1060 1073742848
1078001664 592128 1107296256
4294967296 2216204181504 17180917760
17179869184 281474976710656 17180917760
2147483648 134217792 17180917760
17179869184 141845590446080 9127366946
2224793134081 52776558133248 35461397611528
75497472 1048576 136314880
4432406249472 65 309237645440
8864812498944 8320 172067127296
17729624997888 1064960 584117649408
2199023255552 422212532174880 141836999987232
1048576 4398046511104 1064960
1048612 88099442917376 294966
158329674547200 554092724224 237494512189440
281474976710738 4399120252928 444202697621540
118747255799817 4297064448 79164837199955
158329675284480 35433480192 444202698211328
884772 38654705664 294995
75497472 557090 37751040
518969489195090 1073741824 444202697621504
118747256684607 4294967296 83
36 88683558469632 294930
147456 554084335616 237494512484352
65536 549756076032 4563681280
158329674399744 725891416064 158329674989568
197912092999689 4336910336 79164837199872
281474976710756 87962003963904 36
281474976710665 70368752566272 79164837199908
2205465764865 16777216 277026439168
1048576 17730698739712 884790
158329676038144 138512695296 589824
9 70368779829248 79164837199890
1048649 70368744177664 54
737316 554050781184 294912
321057395458048 8388608 237494511599616
281474976710656 21990240944128 158329674399780
79164837199872 1344274432 285873023221760
18 4402609913856 65
2434794624 8514 136314880
2164278273 35651650 269484032
21990232670214 584115830784 268451840
35459249995776 75497472 422212465590272
70918499991552 9663676416 175921927553024
141836999983104 1236950581248 149533581377568
283673999966208 158329674399744 466193136386152
1032 195747582574592 1048672
2064 444497171316736 16777256
141836999987232 3757234454528 32
141836999988264 2233594806272 281474976710688
141836999989296 286689067008 35184372088864
283673999974464 479404534792192 17825896
283673999975496 193514063265792 35184373268584
283673999976528 444220145926144 281475127705704
35461397610496 1867367055360 524288
4295229440 237501507698688 17432576
35465692839936 11827937280 35184372613120
248221192820784 11811160064 35184372088832
2216203132928 92358976733184 269486082
8590458880 194407437434880 557058
35469988069376 1855463620608 8796093546496
283691180883968 272958593433600 17465346
283695476113408 237499343437824 8796114681856
283699771342848 193788924395520 35184372776970
9345882390528 692842967392 75497472
283699771352136 193514046488576 35184373268490
9663681024 1048576 8320
2164392968 190840832 1048576
283678311981120 237511976681472 17825792
70918533545984 1887581503488 67108864
4328785936 24427626496 16777216
70918550323200 17660116992 281475043819520
248214800307240 211812352 281474976710656
283674050308176 17448304640 281475127705600
67108864 424480745750784 71303170
8657571872 3126736191488 2
283691247994896 444482407366656 16777218
70918600654848 1860257710080 8796160131072
248225588707328 1855425871872 8796093022208
283695576776704 4831838208 8796113993728
283674134183936 525600955564032 206569474
283682724643848 195747467231232 1048578
17315143744 400222232510464 17825794
283674150961152 237494549348352 8796299624448
283684889034752 37748736 8796094103552
283695627108352 237494511599616 8796115075072
283674201292800 446436080615424 281475182231618
283674201297960 2233382993920 281474976710722
283674201303120 444202697621504 281475127705666
8796093022214 275146473600 110810156237832
21990232555521 137441116161 17729625000597
13194139549696 6459231240 70920647606272
32771 1115685396 1073809424
21990232571904 584117927937 70918768443392
32774 584384266368 268453904
16777216 149550899667010 202375168
4398046527488 590610713625 70918499991552
32770 589794921108 2064
6 268435584 110810424689801
8590004228 584116633600 2050
1236950581248 1048576 2233382993920
21990232555520 2097153 22162299701909
1 1084228101 17729625000468
8796093022208 2432697480 106377749988360
8796093022209 1090519560 17729624998920
1610711040 2304 555124523008
26388279066630 274878038016 110810156236800
17592186044416 309239889921 75350906241024
3 1073742336 1073808908
8796093022210 278099265024 1032
4 172067209344 2193
4398046511105 137464184844 17729624997888
13194139533312 16777224 53191022608384
16384 33554448 70923869028352
32768 4294969344 6442846224
2147483648 69260574978 150710939844608
2203335041024 87961198665728 269484032
258 4644 1073742464
2472543360 8450 4968153088
932544776448 4192 2243046670336
75498624 524322 113248512
1236950583552 37120 1855425876480
9663677568 524384 27111989376
9663678720 41216 22280151168
65536 274878038016 2147614720
1152 524320 27225242496
2304 33024 1877706029952
16968057984 8448 4831838208
623307131136 12384 2233382993920
4194304 594432 1084227584
944624371968 96 9663676416
927712938240 4096 1865089548288
56624256 2 4945084416
309275394048 4098 618550788096
884736 34359738368 444202699571283
8590001153 34394341378 269486082
2415920256 64 27248295936
1855463620608 4352 618475290624
37748736 258 618649354240
4831840512 8192 2255663136768
309237645312 4128 3470409072640
309332017152 34 75497472
1236950587008 524288 4608
75504384 32768 2304
118747255799808 2097152 365037860421715
281474978349110 274877906944 35184372088842
12884901888 2199024304128 425537308238146
17179873280 150641683468288 536908066
1101659111424 69327683874 150710402940928
2199023265792 281483566649344 425510999953440
824633721856 671088960 8864812507458
1112396529664 2207614242816 425519590408192
12884905984 2199561175296 536912194
4675071918080 3279949858 1074266112
3861175609344 8589938688 425510999949312
837518629888 536871168 8514
4096 152909427281920 536903938
16777216 87961234317378 278921216
10240 281474976710656 425510999961696
1099511627776 3367864140066 141845590441984
1374389535744 608174370 8864812498944
2199023267840 149542171316224 4128
2199023256576 8796160131104 8864812503072
4194304 1024 1090519040
8590000128 53601225441282 5369268226
1125281431552 1108102090752 8590458880
1024 8796231434306 8864812499202
17179878400 8796093022208 4386
10737422336 69256380672 536903680
2476048646144 67108896 150701812482048
2199023255552 17592186044416 467197129033448
549755813888 25904033856 283673999966208
2048 281492693459200 8256
82 4398046511104 444202697621605
8590000128 687195324416 1074266112
6872098668544 33554434 9346923102208
2209911750656 33554434 5638750208
