R 17 536871168 4227074
R 18 256 82
R 18 1024 40
R 32 4328785936125 16
R 33 8589938808 67633184
R 34 10240 135266368
R 36 2048000 2113537
R 40 1333789188 8454148
R 48 23622321152 16908296
R 64 67633184 9739178496
R 128 17315148864 18396226048
R 320 67633224 6400
R 384 17315135552 10496
R 768 65536 2816
R 768 218103808 22183684352
R 1024 10754326536 3246392832
R 1280 17196777480 3328
R 2048 69260574978 5951720192
R 2048 3573412790272 4608
R 12288 8589934597 540672
R 12288 17179871232 169082960
R 12305 17179869440 4227152
R 36864 623307131154 262144
R 40960 2097152 81920
R 69632 8589934592 9664266240
R 69632 21474836480 50724888
R 69649 17716740096 4227096
R 73728 9932111872 147456
R 73728 17179869184 173309952
R 135168 618475290624 4227074
R 139264 270532737 2113537
R 139297 8589938693 2621441
R 139298 5760 3145729
R 139304 1075839492 2162689
R 139312 9932112896 2228225
R 262209 1108101566570 48
R 262241 1108101566584 67633200
R 393313 1108101566469 2621440
R 524418 2199023264000 80
R 524450 2199023265792 135266384
R 655522 2199023261312 3145728
R 1048576 623345174802 33818624
R 1048640 67633240 67635248
R 1048644 67633226 304
R 1048704 17315137600 135268432
R 1048708 17315135808 336
R 1048832 2031616 2115601
R 1048836 1802240 256
R 1048836 34630287489 17
R 1048868 34632319105 2113553
R 1049088 251723776 8456212
R 1049092 222363648 276
R 1049600 21491744776 16910360
R 1049604 17733648392 280
R 1050624 619016388866 38045698
R 1050628 541098242 258
R 1064960 3843961911279 2359424
R 1065024 67633189 2621568
R 1065088 17315149504 3145856
R 1065216 16384 2113664
R 1065472 10551296 128
R 1065472 10551296 2162688
R 1065984 12096503816 2228352
R 1067008 3814472057090 2392192
R 1179940 34630271105 2113536
R 2097672 138743382532 20
R 2097704 138772742660 8454164
R 2228776 138514792964 2162688
R 3145728 251658240 4336975892
R 3145740 222298112 541065236
R 3194880 10485760 268500992
R 4195344 294742131712 24
R 4195376 298500228096 16908312
R 4326448 284810019840 2228224
R 4526080 8 151004160
R 4527168 17179869184 9216
R 4718592 8589934592 10821309440
R 4719744 1024 5120
R 8390656 549755813888 38043650
R 8390688 68719476736 2
R 8521728 3745211482112 2392064
R 8650849 1108101566464 9739173888
R 8912929 8589938688 9739173924
R 8912930 5120 18396229668
R 8912944 8589935616 3246396452
R 8913058 2199023260672 18396229632
R 8915106 2199023255552 12288
R 12583984 283467842560 3246396416
R 12586032 274877906944 5120
R 67108864 294912 4563402752
R 67108864 3809331623790 1352663680
R 67108928 67633188 9674162816
R 67108992 17315149376 18264097408
R 67109376 8454144 10486400
R 67109888 11828068360 3231711872
R 67110912 3780112318722 5916066432
R 83886080 67108900 8858370048
R 100663296 17314100800 17448304640
R 136347648 4328785936125 262144
R 137363456 623344879890 4295229440
R 137412608 3843962140655 268697600
R 150994944 67108864 25971142656
R 150995520 72 171978752
R 150995712 67108936 22183686144
R 153354240 88 101187632
R 153354249 74 4194352
R 153391104 37 524288
R 154140672 67108952 4396154928
R 154140684 67108938 541065264
R 154189824 67108901 268959744
R 167772928 17314086976 22183673856
R 168571456 17179869248 171966464
R 170405888 17179871296 168820816
R 170405897 17179869504 4194384
R 170434560 17179883200 1048576
R 170917888 17314089024 4463788112
R 170917900 17314087232 541065296
R 170967040 17314100928 269484032
R 201326592 8388608 1342177280
R 204521472 2048000 268435456
R 285212672 8 19327352832
R 289738752 4 9663676416
R 306708480 9663676416 3221307392
R 306778112 8589934596 9663758336
R 306782208 1073741828 81920
R 335544320 11827937288 2415919104
R 402653184 16777216 19478356992
R 402653952 17196646408 22183683072
R 405798912 21491613704 4345430040
R 405798924 17733517320 541065240
R 405848064 12096372744 268566528
R 407179840 17179869192 171975680
R 409014272 21474836488 50462744
R 409014281 17716740104 4194328
R 409042944 12079595528 131072
R 536872960 3710851743744 5916065792
R 545521761 1108101566468 9674162176
R 545783970 2199023261184 18264096768
R 547357224 138512695812 10485760
R 549454896 284541584384 3231711232
R 579338273 8589938692 9674162181
R 579338274 5632 18264096773
R 579338280 1073742340 10485765
R 579338288 9663677440 3231711237
R 603979776 3780112285954 5100273664
R 674234368 619016356098 4299456514
R 674234380 541065474 541065218
R 674283520 3814472024322 268730368
R 681709568 619012161794 4489218
R 681709577 536871170 4194306
R 681738240 3814467830018 294912
