64
1028 1228800 8
2720 16843392 66176
32 4096 536576
119 14976 8192
2 134225984 98
7 1048576 8264
93 67665952 4384
208 65536 1540
10 134217728 65
2305 2162820 16389
512 256 1081600
256 557090 294914
259 134226240 1048578
1027 1049600 1048584
2048 8389124 589824
9 524320 557106
144 33554432 7040
77 34078752 4368
1280 16778248 671744
80 557056 5152
160 640 74240
5 16384 137
2304 65540 344069
128 71303168 896
257 138420546 2
2313 136314880 5
1025 16794632 16392
2313 20971520 557056
87 134230080 8224
265 4751392 557058
2608 33619972 262784
69 33638421 144
1952 16842752 66560
771 9600 1048576
816 1015870 262144
1792 1024 1180672
1033 16809984 557064
2307 134217856 1048581
1904 1015808 1024
85 201338976 32
48 2048 272384
213 10551936 132
215 134218368 8196
2592 79692292 524928
1824 17335304 525312
2560 128 1131136
544 34113842 256
2720 130023424 640
1840 393224 263168
13 32768 4394
257 18875529 16384
1024 131080 393224
16 33556496 2432
3 1048640 1048656
560 34113586 262400
85 44042901 128
544 97031692 524288
71 1050688 8208
64 262144 3088
68 1917045 16
1 81925 16401
3328 16777216 753664
221 100663296 4352
221 144703488 4
