247
2 26977776192 8272
3 134217792 1048648
4 3436050972708 48
5 75497508 531496
18 12155092992 8388612
27 75497472 1623196422
36 2169551978496 34361851905
64 197912111874048 270532737
128 2510292141 3080
129 309390884937 8
130 2550138048 8200
133 309313290276 7176
258 2218620101760 8192
384 2415920256 140288
512 1555852644864 6144
645 309237792768 7168
768 9663681024 536688
770 2208687985152 8304
774 2199024304128 112
1152 79164950446080 541065474
1179 4907335680 1614807810
1197 4888461312 4194306
1216 79164856074240 272629890
2304 158344169914368 1073742336
4608 120914335236096 69256380672
10496 158329674399744 1352663685
10560 158332090318848 278921349
12864 118749671718912 268435584
16384 37748754 393232
16385 1877685938550 16
16387 22145935680 1048592
16389 1855502254116 524304
32768 4831840512 1312768
33024 1872394821531 2048
33152 2472543387 133120
33536 1865090437632 526336
49155 22011717888 1048576
49536 56623131 131072
65536 309237792768 131072
65536 618475585536 786432
65536 2199024304128 1048576
115461 1855426756608 524288
147456 75497472 137439019008
147456 623344877568 103085555715
147492 623363751936 34366046211
147529 18874368 6291459
294912 1246614257664 137439019008
451776 134217728 1048640
741888 623307128832 68719509504
884736 1236950581248 242139382533
884772 1239366500352 34370240517
889344 1241782419456 70330123008
892827 4831838208 1610613504
895350 2415919104 10485765
1048576 39894072164352 103884571008
1048576 158329674399744 137439019008
1053184 119058909364224 69524816256
1057920 79164837199872 805306752
1638436 311653564416 34359754752
1645376 2199023255552 8256
2097152 32 8791261184
4194304 4096 1099595513856
8388608 524288 140737589018624
16777216 16777216 309332164653
16777225 18874369 34370371629
18874377 129 4398056996864
33554432 2147483648 39582571692105
33554448 1350566532 36
33554450 2415919232 4398048608329
50331672 8388612 6966
67108864 274877906944 2472543387
67108896 241061445891 147465
67108900 309237661696 274728091
75497508 49536 270532608
75497508 65536 8388608
134217728 35184372088832 280233193699071
134217792 39582418599936 30890763154038
134217792 52776560230401 1161
270532608 791608 8589934592
536870912 1032 285615325184
536870912 2048 279172874240
807403520 5128 8606711808
1073741824 262160 105568165429248
1342177280 16 3869799088128
1344274432 786448 8623489024
2147483648 317759061753856 1249030772352
2147484672 8796105605126 2322
2147484800 322294555672580 138781726336
2197816344 545259780 6930
2231370792 543162627 18
2281702464 8796095119361 1170
2415920256 16385 13367817273344
4294967296 178146653503488 281494572508288
4294969344 17593796657920 4608
4294969600 200137959801344 268444800
4831840512 33024 208043769856
4888463643 128 34366029824
4907338020 33152 274726912
8589938688 13434926252160 297216
8657043456 3592824029184 2415920256
8657048100 3764901724293 268436608
10804527104 1099595513856 2491417764
10804532900 1237045018629 276825252
12155098788 16384 268435456
12952010752 2218350608384 2550138048
12952017700 2218619043968 268436672
17314086912 457405561307136 282741187360384
17314095168 479396867604992 138781734528
19461570560 316659483017216 3465369171648
19461579968 321057529528320 138782783168
21474846720 17592186044416 5805
21609054208 175930450378752 439833986086564
21609064512 17592454480000 1197
21609064768 197921756676608 17593536624292
25904033856 13194407968896 1152
34359738368 8272 3315714752512
34896609280 8200 292057776128
35701915648 1048592 3865470566400
68723671040 800864 1099511627776
103079215104 8192 2474035380224
103083409408 8288 1099645845504
137438953472 1312768 72018011619328
173140869120 1048576 3848290697216
206158430208 2048 824667275264
206162624512 788480 1099545182208
207515287552 786432 33554432
274878038016 8388612 589824
274878038016 69260574978 442395
274894684160 844145623040 309237792768
274894831625 947499614339 34359885824
274945146912 69262672131 147483
275029033032 2097153 27
311653713024 4 17763984736256
549755813888 105574725320704 283983238807552
549756076032 138512761344 589824
549756108800 118769401725184 34360934400
623307426048 512 206166818816
623345174802 645 8388608
623364049179 133 34368126976
824650498048 19461570560 309372010560
824650940425 19730006144 34359885888
837636063232 19327352832 134217792
837636512575 19595788416 64
844095291392 134217728 3436108644352
1099511627776 319408161423360 932545218816
1099512217600 323874931638274 103616530688
1101659702400 1236988395522 137976416512
1108102156800 1855425970176 536873216
1236951171072 115461 138512695296
1239367091328 16389 172872433664
1241783011584 33536 207232172032
1246614852096 65536 1073741824
1374406311936 824667275264 309275541522
1374407049225 927750733826 34364080146
1382980128768 69256380672 294912
1649268228096 137439019008 1039149
1649335336992 137707454592 147501
1657858166784 137975890176 301824
1664350952472 536871168 6912
1670977955952 268435584 45
2169553013019 5 34359738368
2199024304128 4432674701440 445824
2199024304128 17592186044416 589824
2199157473280 389231411200000 284606546233600
2199158521920 402426087604480 103617579264
2203453491520 197916924838144 536873216
2207614242816 13228767723648 298368
2216338399296 277076930199552 137976416512
2218351666176 8796093022208 3456
2748913287168 105557411233792 363766589341714
2748914630720 118752087638272 8899177922578
3298603565088 34628190336 147456
3298669101056 318858372055040 3148883618112
3298670739520 323256418566144 103617587520
3311554002944 2199023255552 22145927424
3317996453888 316659348799488 3458121410880
3317998101696 321057395310592 1056832
4398046511104 393240 35186536349696
4398046511104 1048640 422229644935168
4398851817472 8 19344130048
4399120252928 393232 105555280527360
4432674684928 1048648 17179869184
8796093022208 8192 281749854617600
8796093022208 132096 176196738351104
8865349369856 11264 274877906944
8933531975680 133120 70643622084608
17592194433024 1709152 140737488355328
21990232555520 1048576 351843855106048
21990240944128 1048672 140737622573056
22093326450688 96 134217728
22127671508992 1441792 70368744177664
26388287455232 136192 140737505132544
26389099053056 5120 16777216
26389352808448 131072 105553133043712
35184372088832 13195225858566 22127672098816
35184372088832 105561806864384 177021372071936
35461397479424 234881024 1236951171072
35461397628032 113246214 137439543296
35751441989632 105561840418816 282711927881728
35751442292800 118756919476736 137439543296
39894072312960 774 17592186044416
70368777732096 839749992448 39582418599936
70368777732114 944718791557 4398046511104
70922794958848 30064771072 281474976710656
79164837199872 258 26388283260928
79164856074249 130 4398050705408
79164950446134 384 4194304
105553149820928 8673820672 39582494097444
105553149820946 9758048773 4398054899748
105563971125248 83886080 75497508
105563971131071 94371845 8388644
105574725320704 8589934592 439804726607908
105574725331264 9663676928 17592194433060
118749671720064 2 13262859010048
119058909512832 770 17660905521152
120914336269440 768 68719476736
140737488355328 22196927955200 13194139533312
140737488355328 177575422853120 105557948107008
141845589917696 3848290697216 4831840512
142940940795904 178125178667008 281479808551168
158329674399744 49155 8796629893120
158329674399744 65536 17592186044416
158332090320000 16387 13194676404224
158344169921280 32768 536870912
197912111874057 3 4398046511104
211106266087424 828928688128 39582456348690
211106266087442 932544823552 4398050705426
212480739508224 824633720832 37748754
212480740245567 927712985088 4194322
213855145820160 4294967296 360639851659282
213855147163712 4831838464 8796097216530
281475110928384 247390149804032 278318713211136
281475110928448 278313918595074 30786325577728
282576770039808 317758893981696 1241783011584
283691179835392 492581209243648 282716759722240
316659483017216 105553149820928 278932394704914
316659483017280 118747293548546 30992489086994
318033872551936 33554432 1855464505362
318033873289280 37748738 206163509266
319408262086656 105553116266496 362495278415890
319408263430208 118747255799808 9002256531474
422212599283712 177021372071936 277091501218596
422212599283776 199149043646464 30787944586020
422223336701952 1099511627776 14571019044
422223336707776 1236950646784 1619008292
422234074120192 175921860444160 439819222129444
422234074130752 197912092999680 17593805052708
