R 2080 8354 141312
R 194 512 241347
R 512 771885316 260
R 256 3670276 16640
R 19 33554432 74134
R 2 537004032 2340
R 5792 66560 1024
R 4096 2327576 32768
R 3072 533538 8192
R 536 16777216 17
R 2624 133380 2048
R 536 67125252 4
R 13320 4460545 4096
R 5376 4460608 70656
R 4 134254665 8
R 16402 537002016 32
R 256 266304 70720
R 11264 524288 29059
R 531 33554436 388
R 517 285279232 81
R 24832 4194304 69632
R 12296 2101313 4105
R 11272 524352 4099
R 16405 285278224 16
R 2304 8388868 18432
R 17460 66576 163888
R 12288 2097152 54025
R 13204 16384 768
R 512 268502016 1105
R 12544 2113536 17152
R 22740 131072 163840
R 16384 747651076 131104
R 421 4160 64
R 11520 524292 16768
R 32 8330 99913
R 197 8256 67
R 5152 66584 99328
R 16384 306184192 65552
R 16392 20971520 4112
R 192 8704 74947
R 2048 8399522 133120
R 12147 4 384
R 2240 131584 165888
R 12329 4161 9
R 22739 1024 73728
R 322 260 2304
R 5 285287497 65
R 10248 8388608 147456
R 3 33562690 2
R 17459 32 73776
R 34 8322 241353
R 1056 66608 196656
R 8 19660800 4097
R 8 68173828 147492
R 16392 76562436 147488
R 2 8834 241355
R 16404 134415376 163872
R 96 8324 128
R 16403 33555488 73744
R 37 4169 73
R 20 134217728 164652
R 128 49664 512
R 24832 9453572 16384
R 514 537004292 2308
R 11470 64 3
R 5120 4469848 66560
R 532 134234112 772
R 5312 9216 74752
