248
4294967297 4294967297 70390219030533
8589934594 549755814016 4297064457
17179869188 70368744194048 562640715907
8 2097152 213885091235471
549755814016 281492175519756 284223755846272
1099511628032 2199033873920 549772592256
2216203125252 352414951752837 549755814016
2765958939268 281496451612677 566935683204
3315714753284 549755946112 549755814024
1032 2199050519048 284223772624512
549755815048 18874376 284223755978376
1099511629064 2199033741824 2765984106116
70373039161345 211668873299083 70368744194048
140737488388096 1099517920520 70368761102336
211110527549441 549755815048 70368744194056
214434832237319 549755815040 8
211655988397192 8 281474976907272
281474976776192 140746097328130 212205744210176
351848015937537 211114822516738 70377334128642
131080 1099534827776 212205761118464
140737488519176 1099517919488 211114843619330
281474976907272 19005440 212205744342280
284773511791368 131072 1099511629064
282024732722312 18874368 282574488536328
2097152 2224799351302 281474987261952
70918502105216 25769803790 281474976776192
140737490486280 2199029547528 281474993553408
8594128898 214975998116741 2097152
141837004210432 3298534885120 16777216
8596226050 2220498092549 17181966340
2778850132615 21474836485 17179869188
1099517920520 2199023256064 17205035012
8388608 423311987278080 1099517919488
283674008420864 422212465295360 1099511628032
1099520147720 1099522244864 1099528405248
8602517506 212205744210176 8592031746
351873798324231 211106232582144 8589934594
140737501102088 1099511628032 8610906114
16777224 281483581390850 282574503084288
282024749367432 281483585585154 282574488404224
16909312 29360128 282574505181440
18874376 8596226050 422221069778946
351843739844616 8589934594 422221055098882
140737507393544 6291456 422221076070402
25165832 281474987261952 3315729433348
2748804235912 281474976776192 3315714753284
1099536794888 10485760 3315739919108
8390400 281475011313664 549923588096
2244609 17347641408 70368878657536
264 2199224590336 3307124830240
32769 1125281435744 422229646508096
4194305 1112396533808 4395630608
32772 352393478014976 351860902068288
260 211655989135360 1657857382432
4194312 2199191035904 4462739472
8 2199157481472 3328767438960
256 214954725357568 1108101566496
1 1108101566496 422242632073328
4 70918500255744 353523054418032
4194304 3861343385648 4328521744
32768 355717782714464 281492157628480
1792 281474977759232 2748946851840
2113537 21642608720 70368744439808
23216129 167772160 134217728
25167624 33554432 167772160
131072 281492291846208 354042745462784
132352 281475179085824 2199023263744
10485761 4294967312 70368845103104
147457 17179869248 422212600856576
128 140746145923104 141837067620352
8388608 351848017166352 70918533810176
8389376 211106266873856 549755815936
8388736 140741783846928 549822924800
131200 17246978112 142936512143360
196612 281474977759232 351843722199040
644 140737488879616 1649267447808
8486912 351843722199040 70368744439808
1160 67108864 3298602004480
49280 25769803872 140737488879616
6291584 12884901936 67108864
4194310 549755815936 4294967312
259 1099511631872 8589934624
32778 2199023263744 17179869248
16778248 67108864 67108864
65664 140737488879616 140737488879616
299069310238720 4358400 35195646377984
109953310261248 8388621 35202625699840
184992831373312 2097408 151285928034304
76519137345536 513 376170415652864
1756910059520 1025 281588793344
299094543171584 16896 373852207054848
2363842625536 16640 1761473462272
184720100950016 2098176 35191082975232
184717953466368 2097152 261243801698304
188524905103360 256 1752346656768
1752346656768 1 377036119998464
27380416512 16384 375618243919872
186486137815040 1024 6710886400
525147261894656 512 373833953443840
299067162755072 4227328 184729227755520
109957873664000 13 18253611008
35186519572480 25166861 35184372088832
2147483648 23232768 35186519572480
409018325532672 8388608 448618997743616
334526412750848 12583168 149533581377536
4563402752 131081 295279001600
74766790688768 8388613 336587997052928
3195455668224 2 3779571220480
299089979768832 131072 29527900160
2356863303680 164096 9126805504
2341025611776 131074 284004712448
75041668595712 8388610 151870043586560
299067162755072 8470528 299085416366080
2336462209024 49154 1177357910016
299085416366080 197120 18253611008
274877906944 6291458 150976690388992
75350906241024 518 2336462209024
588678955008 1034 274877906944
9126805504 17536 4563402752
1168231104512 385 584115552256
149533581377536 2097792 74766790688768
274877906944 23068672 274877906944
2336462209024 65538 2336462209024
281475011313664 35195646377984 4358400
17347641408 35202625699840 8388621
2199224590336 151285928034304 2097408
1125281435744 376170415652864 513
1112396533808 281588793344 1025
352393478014976 373852207054848 16896
211655989135360 1761473462272 16640
2199191035904 35191082975232 2098176
2199157481472 261243801698304 2097152
214954725357568 1752346656768 256
1108101566496 377036119998464 1
70918500255744 375618243919872 16384
3861343385648 6710886400 1024
355717782714464 373833953443840 512
281474977759232 184729227755520 4227328
21642608720 18253611008 13
167772160 35184372088832 25166861
33554432 35186519572480 23232768
281492291846208 448618997743616 8388608
281475179085824 149533581377536 12583168
4294967312 295279001600 131081
17179869248 336587997052928 8388613
140746145923104 3779571220480 2
351848017166352 29527900160 131072
211106266873856 9126805504 164096
140741783846928 284004712448 131074
17246978112 151870043586560 8388610
281474977759232 299085416366080 8470528
140737488879616 1177357910016 49154
351843722199040 18253611008 197120
67108864 150976690388992 6291458
25769803872 2336462209024 518
12884901936 274877906944 1034
549755815936 4563402752 17536
1099511631872 584115552256 385
2199023263744 74766790688768 2097792
67108864 274877906944 23068672
140737488879616 2336462209024 65538
143163392 142386755796992 107235456
278596 70381629079552 561459
106959104 571230650368 142608512
2227 3307124817920 4420
1401344 70390219014144 1116288
1679872 144036023238656 1118464
1122816 495901218963456 1114112
108362624 21474836480 2176
1686451 3298534883328 4352
557056 141836999983104 108906624
68 211119117434880 561442
142606336 212755499974656 35932288
278528 70373039144960 1954099
278579 8589934592 4403
107511808 549755813888 106956928
35651618 558345748480 71303185
71307520 2770253905920 142606336
2193 3324304687104 68
143998976 70368744177664 280704
34 1108101562368 71303270
213909538 1649267441664 71303168
1671236 140737488355328 561408
35651669 12884901888 17
35651584 554050781184 178257937
2176 17179869184 10948
4352 2199023255552 142619392
8704 281474976710656 1122816
68 281474976710656 68
142606336 281474976710656 142606336
3307124817920 35321811173888 278636004366
571230650368 4399120269316 240786604929
70381629079552 345744868616 35184909090818
142386755796992 35165044867 4466766004480
70390219014144 26389352906756 17592722980866
144036023238656 26525718118912 17660905586944
495901218963456 26388279164928 17592186109952
70373039144960 26735634646286 536870914
141836999983104 26629602640771 68719476992
3298534883328 137438953984 18008261068302
2770253905920 4398046527488 240518169472
3324304687104 35184372219904 3758096398
21474836480 1073741828 17834046456709
549755813888 35701915781 103347650945
8589934592 414464345608 277562262538
558345748480 36507222152 275146343425
211119117434880 343597384960 35184372219904
212755499974656 805306371 4398046527488
17179869184 52777632071684 1610612742
1649267441664 34359738496 4707284173952
1108101562368 35493609866368 274877907968
2199023255552 22127671591424 206158430976
554050781184 4400462446601 268435457
12884901888 2147483656 35186788139017
70368744177664 536870914 13194676453378
140737488355328 68719476992 44049184751872
281474976710656 8796093054976 26388279164928
281474976710656 4398046527488 4398046527488
281474976710656 35184372219904 35184372219904
278636004366 143163392 3307124817920
240786604929 278596 571230650368
35184909090818 106959104 70381629079552
4466766004480 2227 142386755796992
17592722980866 1401344 70390219014144
17660905586944 1679872 144036023238656
17592186109952 1122816 495901218963456
536870914 108362624 70373039144960
68719476992 1686451 141836999983104
18008261068302 557056 3298534883328
240518169472 68 2770253905920
3758096398 142606336 3324304687104
17834046456709 278528 21474836480
103347650945 278579 549755813888
277562262538 107511808 8589934592
275146343425 35651618 558345748480
35184372219904 71307520 211119117434880
4398046527488 2193 212755499974656
1610612742 143998976 17179869184
4707284173952 34 1649267441664
274877907968 213909538 1108101562368
206158430976 1671236 2199023255552
268435457 35651669 554050781184
35186788139017 35651584 12884901888
13194676453378 2176 70368744177664
44049184751872 4352 140737488355328
26388279164928 8704 281474976710656
4398046527488 68 281474976710656
35184372219904 142606336 281474976710656
