247
32175848243200 687195324416 8800387989504
17330864128 87960963776514 9384754184192
30994363155077 1359872 4294967296
17600775985158 278099136512 35186519573024
103079264256 1024 414464344064
4194304 1024 137455730688
118747256684607 4294967296 83
1649267441664 2199024304128 425605490843970
2216203132928 92358976733184 34360788994
841813648385 16777216 277026439168
1048576 4398046511104 1064960
8800421543936 692842967392 75497472
284790693045320 193514046488576 35184373268490
4096 152909427281920 68719509762
284790693036032 193788924395520 35184372776970
4398314946560 65 2415919232
8800488652800 691490291968 8800463486976
2097152 131080 18875392
1657857376256 2207614242816 423337747021824
82 4398046511104 444202697621605
258 4644 137438954112
32774 584384266368 34359756816
3 1073742336 137439020556
21990232571904 584117927937 70407398899712
2097539 36 1073743360
137449504768 1015808 33554432
246305687344168 211812352 281474976710656
281474977153097 16777216 35184373268480
30788217209219 12928 1073741824
281492156590160 444220145926144 281475127705704
1655709899776 536871168 8514
2199023255552 281474976710656 2199024304128
65536 137439019008 137439019008
247680127860736 1855425871872 8796093022208
32770 589794921108 2064
4400193994752 8388640 422351246721024
8899709157376 1097 36507222016
1048612 88099442917376 294966
36560909762560 1855463620608 8796093546496
274877906944 69260574978 150710939844608
518969489195090 1073741824 444202697621504
1236988329984 37120 1855501369344
36011153686528 11827937280 35184372613120
281492156588096 479404534792192 17825896
282041929441344 237511976681472 17825792
549789632528 24427626496 16777216
294912 34628173824 1064960
274877906944 134217792 2199024304128
8796093022214 275146473600 109957873665032
18 4402609913856 65
147456 554084335616 237494512484352
1391720480768 33554434 9384504623104
32771 1115685396 137439021072
21990232555525 137439019008 2709
282591802950664 195747467231232 1048578
2199023259648 150641683468288 68719513890
283691180883968 272958593433600 17465346
2097152 884790 1082130944
30891294375936 73 2147483648
10240 281474976710656 422238234882144
549755846656 87967389450496 412317515776
281474978349110 274877906944 35184372088842
5224827764736 3238006784 35323959050240
21990232555520 2097153 22025934490261
2216203124736 123424475185408 962073364482
70373139808256 1860257710080 8796160131072
294205259776 67108896 149542708183040
1099512152064 194407437434880 557058
4398314947205 1359890 4294967424
12583428 589824 1115684864
4869586944 8192 2255663136768
70373089476608 17660116992 281475043819520
49155 41943060 137439019008
281492357906432 446436080615424 281475182231618
4398046527488 590610713625 70373039144960
2434794624 8514 8320
158329674399744 725891416064 158329674989568
35186519572480 75497472 422212465590272
9682550784 524384 27248295936
281492206921808 17448304640 281475127705600
158329674547200 554092724224 237494512189440
4608 1048576 8320
281474976710665 70368752566272 79164837199908
2199023264768 8796093022208 4386
13194139582464 6442454016 274878038016
1 1084228101 17593259788820
67108864 22578644156672 41943042
17600775983108 449909887072 544
3315714824198 274877906944 2147484674
5774583611392 687228878850 8937827467264
1855425874176 4352 618475290624
35461397610496 1867367055360 524288
274877924353 35651650 34360786944
70373039144960 9663676416 175921927553024
206158528512 2304 691489734656
281492156579840 158329674399744 466193136386152
282866697764864 37748736 8796094103552
4675071918080 690475274274 137439477760
17381195776 22024593342464 281475494709442
10737419264 608174370 8796629893120
247130271127600 11811160064 35184372088832
140746078289920 1236950581248 149533581377568
26388279066630 274878038016 109957873664000
158329675284480 35433480192 444202698211328
2050 22267526389760 1576
118747255799808 2097152 365037860421715
8796093022209 1090519560 17593259787272
2064 444497171316736 16777256
4398046511105 137464184844 17593259786240
4398314946947 12964 1073741952
283467841536 69327683874 150642220335104
197912092999689 4336910336 79164837199872
6442450944 134217792 290288786481474
10485760 131072 2197815296
281492290797568 525600955564032 206569474
118747255799817 4297064448 79164837199955
171798774405 131072 858993459200
6442451968 671088960 8796629901634
2434796928 8450 4831846528
516 294930 1115687552
17381200901 34360786944 281475245148354
13194139533312 16777224 53054657396736
258 2304 137438955520
9739173888 1048576 136314880
309237645312 4128 3470333579776
17593270272000 131145 2149580800
70373072699392 1887581503488 67108864
6 268435584 109992233419913
281474976710656 21990240944128 158329674399780
321057395458048 8388608 237494511599616
137443213312 592128 137472507904
566935724032 87961198665728 34360786944
549756076032 237501507698688 17432576
17314086912 92393371074562 249561088
4608 557090 37751040
4 172067209344 2193
17593268174848 1798857 2097152
8800438321152 278929504 281475320643584
65536 274878038016 274878038016
737316 554050781184 294912
17593259786240 1064960 4565499904
281474976710738 4399120252928 444202697621540
34359755397 131090 858993460224
927750684672 4096 1865089548288
17600775979008 137439477760 149538950087200
17179879424 281483566649344 422238234873888
31625991739398 3221229568 35186519572480
284240936960000 237499343437824 8796114681856
1237044953088 524288 75497472
284241087954944 237494511599616 8796115075072
1236950581248 561408 1237026078720
65536 549756076032 584115830784
8796093022210 278099265024 1032
2304 258 618475301248
2216203126786 21994527523072 2050
281492357911592 2233382993920 281474976710722
1099511694337 34394341378 34360788994
140746078296112 286689067008 35184372088864
16930311552 8448 4831838208
17592186044416 309239889921 74771354091520
1236950581248 1048576 2233382993920
17600775984133 34371272800 281475245146656
34359754752 1050 309237646336
2765958971392 87965225189632 9762499100672
2097668 884754 1115685376
2766059634688 4294967552 8800425738240
623344877568 12384 2233382993920
2199023255552 141845590446080 1168231665954
1024 8796231434306 8796629893378
17230211074 268443648 281475381460992
34359755010 1060 137438954496
67108864 424480745750784 71303170
274894816264 190840832 1048576
13194139549696 6459231240 70647917182976
549755813888 2216204181504 2199024304128
283691247994896 444482407366656 16777218
17179878401 52776574910464 35495758399208
17593272369152 602752 1075838976
281492357916752 444202697621504 281475127705666
32768 4294969344 824634116112
3307124817920 1108102090752 1099512152064
2434793472 64 27111989376
21990232555521 137441116161 17593259788949
37748736 33024 1877955575808
79164837199872 1344274432 285873023221760
9 70368779829248 79164837199890
3315714827265 52776558133248 35461397611528
17179870208 8796160131104 8796629897248
2766109966336 87960930222080 9384542371840
8800387989504 1073745920 175925157167104
645 18 863288429568
1048576 17730698739712 884790
16384 33554448 71060234240000
140746078295080 2233594806272 281474976710688
1048649 70368744177664 54
17179869184 17592186044416 467163037730536
21990232670214 584115830784 34359754752
281492307574784 237494549348352 8796299624448
4294967296 25904033856 281492156579840
4194304 594432 137449439232
113250816 32768 37748736
9701425152 41216 22416457728
18878976 524322 37755648
8865349402624 1371593 34359738368
4398314946689 1372919 128
2048 281492693459200 8256
17179869184 422212532174880 140746078294048
1025 52810937794624 34360787680
3315714818048 53051436040192 36148592937994
1099511693312 53601225441282 687195326466
9002788421632 1362176 38654705664
17179877376 57174889865216 34360788712
1374389538816 69256380672 68719509504
36 88683558469632 294930
17381206018 21990232555520 281475381463234
18877824 2 4831845120
1649267445760 2199561175296 68719518018
16777216 87961234317378 11534336
284241037623296 4831838208 8796113993728
884736 34359738368 444202699571283
1099511697412 584116633600 2050
147456 2097152 1064960
884772 38654705664 294995
8796629893120 8320 35701915648
68723704066 7936 137438953472
34361852033 131116 1024
944662118400 96 9663676416
2199158530112 400222232510464 17825794
1032 195747582574592 1048672
30801408300037 10485856 281475245146112
8796093022208 2432697480 105559558718472
137439019008 428288 584149106688
17179879426 21990500999168 281475381462760
18874368 524320 27361549056
8589934592 3367864140066 141845590441984
16777216 149550899667010 202375168
281474976710756 87962003963904 36
309237651072 34 4608
1099579265056 3126736191488 2
158329676038144 138512695296 589824
281492156589128 193514063265792 35184373268584
932582522880 4192 2243046670336
140746078294048 3757234454528 32
17179881472 149542171316224 4128
1679332222976 8589938688 422238234869760
309237647616 4098 618475295232
9663676416 1614176 17584619520
