247
49153 1115687428 1074006020
12648960 540672 34370224128
2146688 33 34359739520
18691697672192 34360262656 149705380593792
283674202613760 496979255754752 281475128786944
118747255799808 33554432 378231999955030
2205465748483 16777216 277025390656
158329675268096 550024249344 496979256295424
283695575466064 1610612736 8796113993728
283674134183936 526116326473728 205553728
2684355840 8192 30500978688
9081708347398 171807637760 8933800411168
31026856378752 14464 34359738368
343633035264 288 206227636224
2740978944 322 1778384896
1048650 17592186044416 39
26388279099392 137441116288 17729625344640
2199224608768 74766790688768 282024901380608
4 549756076032 4563402769
4194304 544896 304087040
75504256 32768 768
13194139533315 6442450968 2147483656
16777216 21994569474368 35651648
1610612742 768 138781130752
26388279066626 584117928064 70918768427009
4432406249472 80 824633722880
17179869184 141845590442016 9127366946
2164392968 197132288 64
33024 768 268435968
2097152 131080 50332672
541098242 6016 268435456
33024 4257 268437632
67108864 424480745750530 71335936
1084227588 770048 8388608
281474977923099 16777216 35184372088904
283682724250656 183068698607616 32832
1821101785088 34 206158430208
35459249995776 69206016 422212465066016
2199023255552 422212532178944 141837000511488
283674051618816 21474836480 281475127705600
8589968388 549765251328 4295000640
17 70374112886784 80
4947802324992 268435488 176231167295488
805306371 1024 277293826048
1101659111424 69327687938 150710402416672
325455441985536 2097152 171523813933056
2048 281492693450818 1056768
70918533545984 1372210593792 67108864
1236950583424 32802 1340029800576
163840 33554432 1310720
281474976710656 74766792785920 145135534866465
1048576 70368744177664 1310720
8866423111686 1409792 141733920768
1236950581248 557090 1133871370368
9070970929152 2101248 422796849053728
1099511627776 3367864144130 141845589917728
283674001287168 497000730591232 281475129409536
32716913465347 2415919136 35459249995776
1112396529664 2207614238752 425519589883936
12884901888 2199024304128 425537307713890
8796093054976 137464186368 17729624997888
16777216 149550899667264 201326656
283674201292800 499728034824192 281475183312896
2199023256576 8796160135168 8864813027328
8864812498944 10240 588410519552
549755813888 25904029792 283673999966208
158329674399744 722638733312 145135535407104
4563404928 64 2771864518656
16968058112 66 1610612736
2476048646144 67112960 150701812482048
2224793059332 39857296506880 35462739822122
141837000511488 4168771174400 524288
4294967296 2216204173376 17179869248
1077936132 541440 276824064
281474976710756 21990500990976 33
283678312767504 171545305546752 16777280
82560 6 144955147776
270549121 131113 1024
49152 1073741828 1073939972
32721309007878 171799248896 8933531975680
281474977579108 274877906944 35184372252672
17315143744 413416372043776 16810048
75497472 1048576 167772160
17592186044416 309239890048 75350906241024
2176 32770 1363115260800
283674150961152 171523826515968 8796298543170
283691247208512 497255744274432 16809984
66048 98310 34370226816
2199073613824 4294967360 282024900296704
2220649086977 21990232555520 8938913267778
9663676416 1617986 21474846720
70918600654848 1341640409088 8796160131072
26388279164928 137439019008 346752
4432406299008 14497 34359740416
32768 1084228228 17729625328128
1048576 4432674684928 639015
4294967297 21993470558210 2415919144
4398046511104 2432697353 106377750119424
12884905984 2199561175042 537960706
283674001155072 180319923732480 35184373792840
81920 268435457 110810424820865
753700 138512695296 98304
248221193213976 11005853696 35184372088832
141837000775680 285883760640 35184372613120
81921 584384266241 268699649
9663681024 1048576 10240
8865349369858 1421144 4294967296
8589934596 39994743881984 1342210594
18432 75048111046720 656512
2216203132928 92358976733184 4295000640
343597383680 4128 3882719641600
2199023267840 149542171312160 528384
8865617805315 1112 279172874240
248225588052008 1340029796352 8796093022208
4294967312 171527588806656 16777256
16385 589794920981 264192
8589934624 180800955875328 32802
1 4294967312 6442715160
1236950581248 1048576 2748779069440
1048612 22024860729344 98343
2199023282176 74771085656128 282024902003840
74766790688768 4596957184 351843720888320
283699770958944 180319906955264 35184372252744
9663677696 536576 30333216768
70918499991552 8858370048 175921927553024
9663678592 32834 23085459456
2203318231041 21994527522880 4294967360
2705327360 8514 167772160
268435457 1038 6442451968
67108864 75455060279298 10486272
1236950587136 524288 4224
17179869184 281474976710656 17179869248
281474976710737 70369012613120 496979255754785
3861175609344 8589934624 425510999949312
141836999983104 1133871366144 149533581901824
17179873280 150641683464224 537432322
75498752 528640 81789696
65536 172067209217 280704
10485760 131072 274903072768
118747255799818 1107296256 26388279066710
13194139533312 16778240 53191022477320
10 17592227987456 26388279066630
202310139510794 1084227584 26388279066624
2 33556480 70923868700692
26388279148551 584115830784 268435457
158329674563584 138523181056 171523814473728
2147483648 134225920 17179869248
268468481 1057 268436480
281474976710666 17592188141568 26388279066657
2163200 638982 34370224256
17729624997888 1310720 687228321792
824633720832 134225920 292538813554944
81 70368744177664 496979255754865
278528 554050781184 1310720
31027659538435 88 274877906944
868388 550829555712 98390
163840 138521083904 171523814572032
1125281431552 1108102086688 8589934624
9077413380099 2432696352 35459518431264
21990232637440 274878038016 110810156236800
2147483648 69260574978 150710939287586
9073118412802 174242435360 268435488
4398046543872 1090520068 17729625129984
1024 8796231442688 8864812531968
13194139533314 6459229208 70920647475208
35465692446744 11022630912 35184372088864
31028454441606 1409024 137438953472
2224793101316 39582418599936 35461397611528
32710521361408 35663872 282024732524544
4432406265984 1423607 2048
70918550323200 21711814656 281475043819520
75497472 561408 12583680
35651584 258 206338785280
36 22712055496704 98310
283673999966208 145135534866432 466193137401898
56624384 256 1692401664
2199224685568 549756862464 282024733608448
4947835879424 177472057442 69206016
283699769770080 180594784862208 35184372252714
2097152 639015 34361835648
927712938112 32 1348888166400
49155 41945600 1073741828
4432406332032 1409030 137438955520
248214800962560 236978176 281474976710656
2220598755329 1073741826 8933544558592
35469987414056 1340042379264 8796093022240
1374389535744 608178434 8864812498944
132096 183068870574080 1572928
2199023297536 39582435377152 35465694153928
8796093022210 590610713752 70918499991552
18691697775616 549792526336 282024733048960
4947902988288 172872990722 8933601181696
2216203124736 57450556293122 3489694250
868352 549755813888 496979257704534
10737422336 69256380418 536870914
18691697741824 861446615072 524416
2216270252032 74767864430594 33280
2147517442 41951488 4294967360
268518017 131078 7516193792
944624371840 12288 8858370048
17729637580800 555136 34393292800
4947852656640 4330631232 282024801730560
33792 40132225802240 4296542400
4398046527488 278099263500 132096
18691697760256 277293826080 35459250520192
26388279066624 2097280 22162300029569
2199023263744 109955474522176 4296674496
2199174250496 21990240944384 8939150245954
8657571872 3229815406592 32768
1280 528384 30415010688
4 274878038016 2147483656
4398046593024 275146473473 110810156368896
4328785936 25232932864 16777216
2209911668742 8388864 8938900684866
2199157473280 92908741984512 249561088
837518629888 536870914 1089792
283674201953280 2748779069440 281474977792000
2199023265792 281483566645280 425511000477696
2199023255552 4398046511104 467193103518890
2199224582144 75316547551232 282024983169536
1073741828 230144 5377097728
932276340864 12320 2757637439488
17179878400 8796093022208 561408
2220498092033 21991306297346 8937034219562
264192 497277755981824 17432576
4096 152909427277856 536903938
283691179835456 206984674541568 16810026
10240 281474976710656 425511001534464
17729635483648 131160 274911461376
4194304 1024 285212672
17729633386496 1997016 33554432
283695625797712 171523813933056 8796113993794
514571442667601 268435456 496979255754752
35461397479432 1351134216192 32
2224793147396 274877906944 274877940736
588678957184 12384 2748779069440
118747256668223 1073741824 86
1342259845 131072 7516192768
8657113092 687195848704 33280
283684888379432 12582912 8796093022274
141837000643584 2749016047616 281474977234944
824633721856 671096834 8864813588736
158329676038144 34628173824 540672
343693852672 4352 69206016
283674001022976 532185119457280 18481216
283695474802768 171525424545792 8796113993770
4 137439019008 1073741828
