R 1 1 261
R 2 16 4105
R 4 256 19
R 8 4096 31711
R 16 37900 1104
R 32 22720 32912
R 68 3477 16
R 84 1029 20
R 100 2192 24
R 136 53320 34000
R 152 36872 3288
R 168 20544 49364
R 257 923 256
R 512 12456 35072
R 769 152 264
R 871 144 8
R 920 8 3080
R 1024 39426 800
R 1281 770 258
R 2056 47136 35616
R 2568 12320 43778
R 3080 38912 2984
R 3176 2048 168
R 3224 36864 3240
R 4096 12358 21504
R 4368 14 1024
R 4744 12360 33792
R 8194 885 4096
R 8736 224 32768
R 12290 69 4100
R 12375 5 4
R 12456 64 49156
R 16384 22048 12320
R 17472 3584 32
R 18472 22560 32800
R 24578 800 4098
R 25863 768 2
R 27144 32 40962
R 32776 29698 29728
R 33816 37890 1056
R 34944 57344 33824
R 36872 12290 30210
R 38152 2 1538
R 39432 12288 42498
R 49160 21504 28772
R 49240 1024 100
R 49320 20480 49252
