247
270532608 791608 8589934592
142940941846848 200115948093696 536873216
16777216 16777216 309332164653
1239367091328 16389 172872433664
16777225 18874369 34370371629
8657048100 3764901724293 268436608
422223336707776 1236950646784 1619008292
75497508 65536 8388608
1057920 79164837199872 805306752
34359738368 8272 3315714752512
1099511627776 319408161423360 932545218816
64 197912111874048 270532737
844095291392 134217728 3298669101056
2216338399296 277076930199552 137976416512
105563971125248 83886080 75497508
741888 623307128832 68719509504
274945146912 69262672131 147483
17314095168 479396867604992 138781734528
1246614852096 65536 1073741824
10804532900 1237045018629 276825252
1048576 39894072164352 103884571008
884772 1239366500352 34370240517
34896609280 8200 292057776128
35184372088832 105561806864384 177021372071936
884736 1236950581248 242139382533
1073741824 262160 105568165429248
4432674684928 1048648 17179869184
105574725331264 9663676928 17592194433060
770 2208687985152 8304
147529 18874368 6291459
103079215104 8192 2474035380224
2147483648 317759061753856 1249030772352
892827 4831838208 1610613504
294912 1246614257664 137439019008
2197816344 545259780 6930
49536 56623131 131072
318033872551936 33554432 1855464505362
65536 618475585536 786432
105563971131071 94371845 8388644
8933531975680 133120 70643622084608
4398046511104 1048640 422229644935168
281475110928384 247390149804032 278318713211136
33554448 1350566532 36
3298669101056 318858372055040 3148883618112
16385 1877685938550 16
67108896 241061445891 147465
32768 4831840512 1312768
422212599283776 199149043646464 30787944586020
512 1555852644864 6144
2207614242816 13228767723648 298368
130 2550138048 8200
2415920256 16385 13367817273344
67108900 309237661696 274728091
211106266087442 932544823552 4398050705426
128 2510292141 3080
119058909512832 770 17660905521152
319408262086656 105553116266496 362495278415890
68723671040 800864 1099511627776
141845590512128 4054449225728 536873216
35184372088832 13195225858566 22127672098816
105574725320704 8589934592 439804726607908
17314086912 457405561307136 282741187360384
8796093022208 132096 176196738351104
282576770039808 317758893981696 1241783011584
22127671508992 1441792 70368744177664
1197 4888461312 4194306
1048576 158329674399744 137439019008
21990232555520 1048576 351843855106048
140737488355328 22196927955200 13194676406528
35751442292800 118757053694464 137439543296
3298603565088 34628190336 147456
213855145820160 4294967296 360639851659282
147456 75497472 137439019008
140737488355328 177575422853120 105557411233792
21474846720 17592186044416 5805
1382980128768 69256380672 294912
837636063232 19327352832 134217792
10804527104 1099595513856 2491417764
274894684160 844145623040 309237792768
316659483017216 105553149820928 278932394704914
318033873289280 37748738 206163509266
207515287552 786432 33554432
158329674399744 65536 17592186044416
4294969600 200137959801344 268444800
19461579968 321057529528320 138782783168
4294967296 178146653503488 281494572508288
2169553013019 5 34359738368
4399120252928 393232 105555280527360
49155 22011717888 1048576
1649335336992 137707454592 147501
2748914630720 118752087638272 8899177922578
21990240944128 1048672 140737622573056
21609064512 17592454480000 1197
70922794958848 30064771072 281474976710656
451776 134217728 137440591936
213855147163712 4831838464 8796097216530
2748913287168 105557411233792 363766589341714
274878038016 69260574978 442395
115461 1855426756608 524288
12952017700 2218619043968 268436672
274878038016 8388612 589824
1099512217600 323874931638274 103616530688
549756108800 118769401725184 34360934400
283691179835392 492581209243648 282716759722240
1649268228096 137439019008 1039149
2147484800 322294555672580 138781726336
824650940425 19730006144 34359885888
134217728 35184372088832 280233193699071
12864 118749671718912 268435584
33554432 2147483648 39582571692105
18874377 129 4398056996864
1657858166784 137975890176 301824
8657043456 3592824029184 2415920256
79164856074249 130 4398050705408
536870912 1032 285615325184
134217792 39582418599936 30890763154038
2231370792 543162627 18
26389099053056 5120 16777216
2097152 32 8791261184
4608 120914335236096 69256380672
35461397479424 234881024 1236951171072
10560 158332090318848 278921349
1664350952472 536871168 6912
79164950446134 384 4194304
316659483017280 118747293548546 30992489086994
67108864 274877906944 2472543387
211106266087424 828928688128 39582456348690
4907338020 33152 274726912
1101659702400 1236988395522 137976416512
5 75497508 531496
212480740245567 927712985088 4194322
623307426048 512 206166818816
422234074130752 197912092999680 17593805052708
33024 1872394821531 2048
837636512575 19595788416 64
1645376 2199023255552 536881472
19461570560 316659483017216 3465369171648
2218351666176 8796093022208 3456
27 75497472 1623196422
36 2169551978496 34361851905
4888463643 128 34366029824
774 2199024304128 112
2281702464 8796095119361 1170
206158430208 2048 824667275264
105553149820928 8673820672 39582494097444
147456 623344877568 103085555715
35701915648 1048592 3865470566400
35751441989632 105561840418816 282711927881728
147492 623363751936 34366046211
311653713024 4 17763984736256
8796093022208 8192 281749854617600
3311554002944 2199023255552 21609054208
33536 1865090437632 526336
2304 158344169914368 1073742336
4398046511104 393240 35186536349696
623345174802 645 8388608
50331672 8388612 6966
2199024304128 4432674701440 445824
212480739508224 824633720832 37748754
21609064768 197921756676608 17593536624292
137438953472 1312768 72018011619328
134217792 52776560230401 1161
10496 158329674399744 1352663685
65536 309237792768 131072
1216 79164856074240 272629890
2199158521920 402426087604480 103617579264
768 9663681024 536688
33554450 2415919232 4398048608329
281475110928448 278313918595074 30786325577728
4831840512 33024 208043769856
889344 1241782419456 70330123008
70368777732096 839749992448 39582418599936
549755813888 105574725320704 283983238807552
422234074120192 175921860444160 439819222129444
129 309390884937 8
8388608 524288 140737589018624
141845589917696 3848290697216 4831840512
70368777732114 944718791557 4398046511104
18 12155092992 8388612
274894831625 947499614339 34359885824
173140869120 1048576 3848290697216
133 309313290276 7176
26388287455232 136192 140737505132544
1236951171072 115461 138512695296
158344169921280 32768 536870912
1179 4907335680 1614807810
120914336269440 768 68719476736
2199157473280 389231411200000 284606546233600
1670977955952 268435584 45
1374407049225 927750733826 34364080146
4294969344 17593796657920 4608
17592194433024 1709152 140737488355328
12155098788 16384 268435456
2 26977776192 8272
197912111874057 3 4398046511104
35461397628032 247463942 137439543296
3 134217792 1048648
4398851817472 8 19344130048
12952010752 2218350608384 2550138048
895350 2415919104 10485765
3298670739520 323256418566144 103617587520
75497508 49536 270532608
4 3436050972708 48
8589938688 13434926252160 297216
1152 79164950446080 541065474
1342177280 16 3869799088128
16384 37748754 393232
79164837199872 258 26388283260928
549756076032 138512761344 589824
645 309237792768 7168
25904033856 13194407968896 1152
536870912 2048 279172874240
1053184 119058909364224 69524816256
807403520 5128 8606711808
1374406311936 824667275264 309275541522
384 2415920256 140288
824650498048 19461570560 309372010560
319408263430208 118747255799808 9002256531474
1241783011584 33536 207232172032
26389352808448 131072 105553133043712
2147484672 8796105605126 2322
623364049179 133 34368126976
118749671720064 2 13262859010048
1638436 311653564416 34359754752
2199024304128 17592186044416 589824
275029033032 2097153 27
1344274432 786448 8623489024
22093326450688 96 134217728
422212599283712 177021372071936 277091501218596
158332090320000 16387 13194676404224
206162624512 788480 1099545182208
21609054208 175930450378752 439833986086564
33152 2472543387 133120
258 2218620101760 8192
16387 22145935680 1048592
103083409408 8288 1099645845504
4194304 4096 1099595513856
105553149820946 9758048773 4398054899748
16389 1855502254116 524304
158329674399744 49155 8796629893120
8865349369856 11264 274877906944
3317996453888 316659348799488 3458121410880
65536 2199024304128 1048576
142940940795904 178125178667008 281479808551168
3317998101696 321057395310592 1056832
39894072312960 774 17592186044416
422223336701952 1099511627776 14571019044
