R 16793936 27033600 1
R 5248005 17 16777216
R 8 11338560 13325
R 4096 4096 4096
R 524800 5406720 352
R 800 524800 22730400
R 64 262400 262400
R 10 832 22708245
R 2162688 169125 32800
R 864 524824 524800
R 960 159876 164000
R 1024 16404 17408
R 557600 524314 832
R 16777216 5248005 1048577
R 2162752 557600 9469984
R 524314 2162752 10485770
R 10250 960 4340736
R 27033600 1 22085696
R 16392 11469760 13316
R 16394 2163648 15364
R 16401 16777220 21508
R 16404 4194308 4
R 24576 994250 9216
R 26624 68546 11264
R 10 2162688 15375
R 65601 16704 25952280
R 27033600 70724 4194304
R 65610 525120 22721560
R 67650 656000 4338816
R 68450 524804 4347008
R 68546 131204 4325504
R 1 16793936 25952280
R 75850 656320 4338688
R 131076 24576 10988000
R 131204 26624 2165216
R 136196 16392 11348800
R 136324 16394 2165568
R 159748 75850 10561600
R 159876 10250 2164800
R 161796 67650 10496000
R 168965 8 11338560
R 65602 524800 24600
R 262208 262208 262208
R 262400 327680 64
R 327680 64 327680
R 524288 29388828 10846570
R 524289 16777240 11338570
R 524292 4222980 10977770
R 524312 10551360 10551370
R 4198404 844825 1024
R 26240025 10 2162752
R 524801 16777242 2163522
R 524804 4225028 2163170
R 524824 10485760 2162754
R 525120 26406940 33120
R 27033600 65601 4259904
R 4 4198404 14057485
R 557920 524312 525120
R 656000 161796 480
R 656320 159748 164320
R 832 26240025 32800
R 885610 524288 22729728
R 895850 524292 4346880
R 994250 131076 4325376
R 5406720 65602 10485760
R 844825 4 21504
R 2163552 524801 17858592
R 2163648 136324 4227104
R 4194308 1024 5243904
R 29388828 885610 8388608
R 4199428 16401 16778240
R 4222980 895850 8389632
R 4225028 68450 10486784
R 524800 31488030 2162690
R 16704 27033600 321
R 10485760 864 11567104
R 10551360 557920 9469952
R 11338560 168965 32768
R 11371360 524289 17858560
R 11469760 136196 4227072
R 31488030 800 10485760
R 16777217 16777217 16777217
R 16777220 4199428 5242881
R 16777240 11371360 8388609
R 16777242 2163552 10485761
R 70724 16384 25952280
R 169125 10 768
R 17 16777216 21525
R 16384 27033600 5444
R 26406940 65610 10551360
R 16384 5406720 4100
R 5406720 5120 4194304
R 5120 16384 24600
