R 12591144 11545611 275522
R 7407715 5412517 3145728
R 8456 229376 275533
R 21060 29360128 623200
R 20564 29360640 996999
R 132 943680 7175
R 12591556 3168 5518402
R 5243937 7 24140823
R 6314006 5248134 3454051
R 397444 19532800 243117
R 6621316 101376 14988387
R 4100 32412 231
R 938068 3145728 11338560
R 495 164192 23358581
R 4132 28339228 270567
R 16853908 3145728 13325
R 184452 22036480 527459
R 643652 5242880 622592
R 17441 16793600 289891
R 17715284 3145728 11253485
R 16066725 163840 25455739
R 75883 164195 275566
R 20612 7356416 531975
R 169125 18 25455739
R 15739365 380 20212848
R 5244961 5792 19946519
R 20516 28327936 270864
R 5263393 16384 23575
R 70756 5574 99
R 168068 22041618 232547
R 15744480 28 20212848
R 396 917856 275527
R 5156 5596 19942512
R 22550 512 19
R 4164 29363840 439527
R 6391874 5248005 308323
R 938916 11534336 792
R 67716 200256 341005
R 13530012 11676680 8664130
R 102468 5248006 439395
R 397732 11545608 275885
R 947100 524288 25165848
R 528 26214400 885600
R 198 164416 308333
R 177284 470016 25190424
R 17825825 541200 17531639
R 27153341 524288 25165824
R 8644 3328 5518600
R 5251105 896000 25189399
R 166020 5120 101475
R 33 164217 28601464
R 17879061 16793616 753664
R 76164 3345664 13325
R 7204 5568 19942419
R 67650 164387 3454062
R 329860 199680 14791779
R 13639721 12430699 8388608
R 16798356 7340032 754400
R 14680064 101475 10485760
R 8324 928768 269575
R 541200 27929608 13741
R 86100 5766 3276899
R 15736875 352 23091219
R 16400 27268742 439296
R 135300 672786 229376
R 15838283 3 275555
R 1057 16793623 24407156
R 2114 224 308327
R 17846325 11551248 759
R 938900 666632 8651247
R 2180 5696 105575
R 5242913 916135 16800791
R 938116 18874368 787200
R 938644 19398656 1029805
R 21525 16793616 24117271
R 6291456 101507 4502627
R 8228 11264 270600
R 397380 3148800 439725
R 17911925 5243392 3899392
R 18502325 22544384 753664
R 4194304 135300 7340032
R 8200 1016163 8664143
R 169092 470034 25452568
R 431492 470024 262144
R 12582912 134243 16004162
R 19925025 512 19922944
R 8580 920832 13639
R 16797748 16793616 24871648
R 4228 7347200 236775
R 15728640 164195 13907043
R 18764725 12058624 8389367
R 16777216 20987920 8094432
R 16058731 163840 23091224
