R 1 7 4108
R 2 224 148
R 4 71680 2
R 8 164864 1
R 12 1024 17425
R 12 65536 330
R 16 267 8576
R 34 135567 128
R 48 256 776
R 50 271 136
R 51 15 8
R 64 10304 64
R 96 64 2
R 96 64 19140
R 98 4160 134
R 128 361504 32
R 160 32 18085
R 162 131104 133
R 192 1024 17952
R 257 135924 4096
R 272 270360 8192
R 512 624 20992
R 528 272 8704
R 544 541440 512
R 608 17472 18944
R 672 525344 17920
R 768 16 24592
R 769 752 4112
R 771 541408 16
R 1024 84994 2048
R 1280 2 14662
R 1281 4098 4102
R 1296 73730 8512
R 1383 4096 6
R 1383 540672 16
R 1632 17408 18448
R 1644 525312 17424
R 2048 557057 1024
R 2304 1 13605
R 2305 131073 4101
R 2320 327681 8480
R 2448 327680 296
R 2456 270336 8
R 2460 73728 328
R 2475 131072 5
R 3072 65536 10560
R 3276 8192 320
R 3276 524288 17408
