R 1 14 4
R 1 138 140
R 4 384 1
R 4 2688 2056
R 7 128 13
R 8 40992 2
R 10 32 1591
R 32 49 81
R 33 129 129
R 34 4240 1
R 42 4128 49
R 64 769 272
R 64 34824 3264
R 81 32777 128
R 112 1 400
R 128 12290 32
R 144 2 1770
R 145 32770 138
R 256 35854 1088
R 272 16501 64
R 304 113 320
R 320 35848 3136
R 400 16386 1600
R 512 1120 1284
R 514 16576 4
R 516 1152 2052
R 522 16416 1540
R 816 112 256
R 1088 5376 256
R 1284 1024 2048
R 1284 34816 2048
R 1600 1024 3328
R 2048 25088 512
R 2970 16384 1536
R 3072 512 2874
R 3076 33280 2058
R 3136 4608 304
R 3229 32768 2
R 3229 32768 8
R 3306 4096 48
