150
R 1920 1924163044360 20972800
R 1006878780 721670200213 4294967296
R 131072 274877906944 426010
R 8521760 1786707247104 1352666880
R 478396476 721565336213 5377098240
R 268435457 8589934594 8589934594
R 604127268 13422592050 32768
R 534210 67113032 17315700736
R 5244160 2061602062344 3840
R 545259520 137447407620 5368709120
R 604131364 524322 8589967360
R 1 8589934645 13256097841
R 20 2147483656 1179720
R 1600 67112960 5376
R 4195329 8589934644 1352669701
R 526018 67112968 19479962666
R 13635456 1924280614976 138423040
R 91328537 2199024304136 17181048832
R 92426277 1099512152080 5477767680
R 92428325 1099512152084 1352669696
R 524418 83891200 19479700506
R 4195352 5639241856 1352663557
R 8519712 1649268228096 5431627520
R 8 5765078656 1343570
R 83906565 2199024304128 1179648
R 320 2097281 10486400
R 872628276 13526630400 5368709120
R 24 5637144576 270532609
R 2622080 128 640
R 603979812 343597383680 17716772864
R 3968 1924280623168 138420480
R 131108 2095944908800 7304396826
R 17 8589934600 1605730
R 4194320 1082130432 5368709140
R 34078848 71307520 4836032768
R 4195332 2063732768776 1352666885
R 167772160 7040 5104467968
R 565386 218119808 17315430400
R 128 33556480 33556480
R 604192804 13535084548 5368741888
R 534402 2199041082376 17315274752
R 2097280 33555072 33554944
R 9570596 2061585154048 1352748800
R 4194340 1941326266432 5549075220
R 5244800 1924163043336 20975360
R 511959102 34361852545 5379195520
R 477102080 10486421 8389120
R 9693476 2113665 1352745600
R 65536 1073807364 360448
R 34080640 343614325768 2151678208
R 85196800 8 19328532480
R 13634816 2061719568448 11008
R 526210 16778248 19479536640
R 477102080 343597547528 2147483648
R 40970 16000 17315446784
R 4195354 270532736 1352663685
R 9568292 1924146135040 5431955200
R 83886080 21 12985565232
R 9437220 1924145348608 5549402880
R 36 17180917824 22454206547
R 7120586 67108936 17315692544
R 9691172 2114177 5379523200
R 85196800 16 109058560
R 65544 5899304576 1343552
R 4458176 67108912 67115520
R 511180800 512 10486400
R 526016 4096 11362369578
R 425984000 21 2097152
R 470007868 721554849813 270532608
R 419532825 2199024304192 17179869184
R 1600 2097280 128
R 4194305 8589934640 5477767700
R 4 2098092523528 7304380443
R 9588772 524304 5478095360
R 174589568 156401738 4194304
R 65553 8589934664 1605696
R 511961150 34361852033 1352663680
R 85197120 20 10492416
R 524416 2688 7033847834
R 245796 344085 270548992
R 268435460 345745031176 2684354562
R 168296576 71310208 4836032512
R 106496 2129537 311296
R 7079626 67108872 19479953450
R 36 2095944040448 16385
R 537002016 68719509504 2684354560
R 604233764 2120577 4563435520
R 2097664 41943168 512
R 131104 1821067001856 7304380442
R 7866250 16777224 19479527424
R 425984000 2 9126805504
R 4194308 1926293749768 5431627540
R 620908581 1099512152098 8589934592
R 4194330 270533248 5379195540
R 151552 1099511627776 786480
R 2621440 640 35652224
R 10 7808 19478347848
R 16384 2199024435200 131072
R 9685284 2441365 1352745472
R 65546 270548608 1359936
R 4195328 33288028284 1352663045
R 16297866 2199158521920 17314086912
R 4194304 32214220920 5414849300
R 83886085 1099512152064 48
R 524426 83893888 19479691290
R 34080448 67112962 9131000064
R 34082688 343732658240 17184063744
R 151588 524309 13256114224
R 478398524 721556947093 1352663552
R 6553625 8 688170
R 268435492 360778301504 17716740098
R 1022361600 2542620639232 17179869184
R 268435482 270539648 4563402754
R 7907210 2199041081352 17315266560
R 34078720 156411210 4194560
R 268435472 14608760832 5368709122
R 268435480 5752494976 4294967298
R 147456 2199023255552 1048576
R 1040441406 34361858945 4563402752
R 65536 33546043392 1048640
R 477102400 2097301 10486272
R 175638400 343614324744 2151677952
R 9439524 2061584302080 1352755968
R 20480 1099512152064 786432
R 174851776 67108866 9130999808
R 9682980 10830485 5377425920
R 640 13526630400 2560
R 604110884 343597416448 2684387328
R 9591076 524308 1352751616
R 10 270532608 1359955
R 532610 218117120 17315438592
R 84037669 1099512152085 13256097840
R 184029056 343732650048 17184063488
R 604225572 115694485 4295000064
R 4457536 67108916 6656
R 6656025 72 17181474816
R 9650212 8454148 5369036800
R 268435456 19865436234 536870914
R 4195328 20019412992 2816
R 65588 2216204173376 64
R 4194328 5647630976 5377098260
R 4195968 13578928248 4197120
R 1728 67113008 67112960
R 65556 2201171787784 1179712
R 98304 262504085 294912
R 6553600 67108864 11362369578
R 4195364 2078765219904 1352674053
R 1664 13422592050 4194560
R 536450 2199158530112 17314095104
R 4096 524392 557056
