64
1028 1818624 8
2720 16842880 82432
48 4096 569600
102 14464 8192
3 64 96
6 1048576 8264
92 36896 4130
192 65536 1669
10 134217728 65
2049 2162820 16388
768 4352 1081600
256 4227330 294914
258 4416 1048578
1026 1049600 1048584
2304 4 638976
8 67637280 524336
128 33554432 6656
76 101191712 4112
1280 8 704512
80 32768 5410
160 128 90752
5 81920 137
2048 8454660 327684
144 4194304 768
257 98 2
2056 144703488 4
1025 81928 16392
2056 88080384 524288
86 4160 8226
264 4231200 524290
2592 42009092 262656
69 2113681 144
1696 16842752 82944
514 14208 1048576
544 63409950 262144
1536 1024 1180672
1032 17334272 524296
2050 134218368 1048580
1632 491520 1024
85 96 34
32 2048 272384
197 2162816 133
198 134217856 8197
2608 4194308 557568
1584 32776 558080
2560 640 1114624
816 4231186 256
2720 62914560 512
1568 17171464 263168
12 557056 4136
257 13 16384
1024 16909320 393224
16 16 2432
2 135274560 1048656
800 4227346 262400
85 17 128
816 4231180 557056
70 135276608 8208
64 262144 3088
68 238844145 16
1 2113665 16401
3072 16777216 737280
204 100663296 4096
204 136314880 5
