R 769 3255246528576 350
R 3670016 34630288000 6340608
R 12482 396288 12
R 24 2113536 903
R 12510 10805055488 101449740
R 24 67633152 32
R 2228224 415538085888 14795648
R 2880 30301501552 1056768
R 3145728 99078 25165824
R 798926 2216338399232 169082960
R 196998 3221225472 924672
R 4928 3047464902720 169084416
R 4194304 1101659111424 126812160
R 166830 30301487104 1048576
R 2113536 16842752 16842752
R 8388608 1374389534720 59179008
R 199680 3489660928 8126
R 166440 3225452544 6
R 238 30301501440 1048640
R 532480 20096 31457280
R 390 3390308352 1444864
R 1697694 12952535040 101974016
R 266240 29 1320960
R 1631118 2216338391040 169082880
R 7454720 12952010752 100663296
R 48 270548992 1
R 5 29591040 4
R 198 169084416 1444928
R 320 169084428 1453056
R 4260620 12415139840 32830
R 4327456 1103269724160 4227134
R 11714560 2229322907648 33554432
R 257 29591052 262
R 5952 10805055520 101451264
R 266560 33818124 18098176
R 6 1536 3096
R 2230304 415542312960 4227078
R 12582912 1099511627776 117440512
R 4327424 1103001288704 2121662
R 133152 103890862464 4227072
R 2816 3225757169776 3870
R 8519680 1511828488192 14680064
R 1597830 33816576 18087936
R 8521728 1546188226560 2117534
R 12526 3053958477824 33816588
R 30 4096 4128
R 268096 12952539168 101984256
R 13 3255246528512 92
R 3728140 16768 32769
R 12486 16909824 16908300
R 3461900 49536 32768
R 1 24 270
R 4325376 1102732853248 15720320
R 8520460 3260115058688 32798
R 798918 33818112 18088016
R 4096 5 29591040
R 8520448 3225755320320 20382
R 58254 3047464894464 169082880
R 2130700 29392896 32774
R 29 12415668224 60
R 99864 3221225472 1577856
R 12494 3047464902656 169082892
R 222 30132408320 1577024
R 1 495366 258
R 3803136 34630287360 2113537
R 6976 3053958477936 33818112
R 10485760 2199023255552 134217728
R 1764270 2229324742656 34865152
R 2130688 27279360 17286
R 266432 3585 32778240
R 4260608 12146704384 24510
R 3803168 34630287744 4227073
R 267072 2216338399296 169093120
R 191406 384 1
R 8519680 3878590349312 511872
R 99840 67633152 4096
R 8568832 3053956628480 34013184
R 1064960 34013184 16777216
R 192 1 1568640
R 798942 12952539136 101974096
R 3194880 2216337342464 167772160
R 3411968 49542 29392896
R 2817 3260116908144 286
R 269120 2229324757104 34875392
R 98304 30064771072 528384
R 192 11776 8256
R 2129920 25165824 115584
R 2230272 415540199424 2114438
R 191406 3053958463488 33816576
R 166424 3223339008 902
R 6291456 17179869184 134217728
R 3728128 16384 16385
R 3678208 17024 31506432
R 8521760 1580547964928 4227102
R 798958 2229324756992 34865232
R 24966 16908288 16908288
R 65 3 256
R 4259840 11878268928 1040256
R 4416 16909836 16909824
R 2097152 415546540032 8454144
R 4288 513 31704576
R 3407872 6 4227072
R 199728 3758096384 62
R 45 3260116908032 28
R 1792 12147232800 7998
R 6291456 12884901888 67108864
R 49152 3047463845888 169279488
R 1793 12415668256 318
R 266240 49539 29360128
R 768 3220615200768 16512
R 3 256 3
R 129 257 257
R 100254 33353629696 1576960
R 780 3255245471744 32862
R 12480 512 31703052
R 798912 3584 32768080
R 124830 10805051392 101449728
R 768 1056832 12126
R 4308992 10804527104 101646336
R 128 129 129
R 1856 30132408352 1585152
R 4160 396312 1536
R 256 27477516 774
