R 1 25 8202
R 1 928 4
R 2 800 268
R 4 41984 1
R 8 802816 16
R 12 16384 20500
R 12 32768 99
R 16 83 2368
R 34 270683 256
R 48 64 194
R 50 91 258
R 51 27 2
R 64 3104 32
R 96 32 5545
R 98 8224 265
R 128 639488 512
R 160 512 21400
R 162 262656 280
R 192 16384 21120
R 257 271276 8192
R 272 67590 2048
R 512 676 12416
R 528 68 2176
R 544 135360 128
R 608 20512 5248
R 672 147968 20608
R 768 4 6148
R 769 932 8196
R 770 928 4
R 1024 54273 1024
R 1280 1 11369
R 1281 8193 8201
R 1296 34817 2144
R 1383 8192 9
R 1632 20480 5124
R 1636 135168 4
R 1644 147456 20484
R 2048 655376 16384
R 2304 16 27224
R 2305 262160 8216
R 2320 98320 2624
R 2448 98304 578
R 2456 67584 2
R 2460 34816 98
R 2475 262144 24
R 3072 32768 32
R 3072 32768 3136
R 3276 2048 96
R 3276 131072 20480
