118
12296 184615169 17367297
1025 551903330432 192
98304 96 1421869248
6144 262176 2359296
6146 133634 34210306
589826 8623491072 34210314
581920 268439588 68157444
328000 33554432 2382364672
96 256 768
655768 549462048 2147483684
5123 12582944 8388772
16400 257698037760 4
4100 8388608 192
4096 185273099 524288
10240 3288334336 67372036
168960 2 436207616
655364 137979502624 673196064
802824 5200936960 589828
288 4120 269488144
792 549755813888 2147483776
557368 268439776 2147483668
606210 8623502336 655364
384 3678240 538976288
137218 131074 50331651
524288 241461377080 1279544388
811008 905969664 67698692
573441 68987916324 1048580
262400 1077952576 3221225472
768 2147483648 2223277188
10528 4132 68158468
11008 294205259776 75760644
12288 184549376 16843009
132 1245184 16787457
5120 8 404232216
5249 1048579 16783361
557569 68987916307 16783360
590338 8623489792 16777728
298 4320 2147516436
786440 4462739456 17367305
192 8192 25600
6144 2562 33686018
10624 270368 69207044
6304 258 16843265
330 61440 2147516430
328000 28672 49152
295200 268439648 2483027968
10496 293198889988 71566340
65538 8623489536 50331648
8200 922812673 589824
394 12591136 2147516452
557600 268439571 6144
328064 4202528 2751512576
16 47244640256 12
5125 12582912 100
590144 33556480 168428042
524568 552989671616 2147483712
5280 3 16848897
540672 17247241220 4456452
3072 2 50528259
655876 137979174944 16787456
393600 541073440 2751463424
524304 827867578560 64
160 32 25600
3072 36 1310720
160 257 16843009
136193 1048578 419430403
1027 551915913408 8388800
655380 137988415520 36
320 2048 168430090
4 1572864 673196072
327936 4210752 3221274624
787200 16777216 256
4100 2359296 2097152
786952 4311744512 16777472
557344 268439576 269490192
524800 219902325555 16777216
18432 841813590016 8388608
778 551903297536 2147516544
168960 4194304 1677721600
10560 13312 67765252
25344 292057776128 75759620
32769 68987916306 419430400
131076 137977929760 687865856
103424 4194336 1690304704
256 517413025848 1145324612
549120 292125148164 71565316
2048 293198906372 4194304
2050 144898 655360
768 515396075520 2048
6274 131330 16777729
5120 32 1684275300
524544 516339284024 1145326660
680320 537141280 69206020
557073 68987916512 20
1025 1048628 1048576
12424 65793 16777473
5125 1048576 26
590168 33615872 2147483662
786432 167772160 151585033
589842 8623550464 14
131076 1179648 3
16384 47244640256 524292
99328 4194368 12583104
557057 68987916312 403707920
3075 551903330304 8388608
5121 1048584 403707928
96 4096 21504
524800 274877906944 19456
614720 33567744 67764228
655744 540549152 538978336
266 551915929792 2147516480
656000 540221472 10240
327968 4192 2483077120
590400 33555200 512
671748 137976094752 2097156
3 224 8388756
786456 4294967296 13
786456 4060086272 2147483648
