R 16777225 35651600 549923864661
R 33554450 4563404800 70368777732121
R 67108900 584115814400 4395632819
R 134217792 74766790688768 494252187381503
R 2147484800 112287785418816 2220499217024
R 4294969600 374129232453632 4294970496
R 8657048100 3202346125392 4294969472
R 10804532900 2336641515600 4429187268
R 12952017700 281588795392 4294969480
R 17314095168 409036595929088 2220499218048
R 19461579968 109951179554816 2220499349128
R 21609064768 373852207063040 281496585776836
R 274894831625 1759182063664 549756092416
R 549756108800 224311663136768 549756223488
R 824650940425 6727665664 549756092424
R 837636512575 6710888448 8
R 844095743168 16777216 2199024500744
R 1099512217600 111394343616544 1657858216192
R 1374407049225 1752418746400 549823201314
R 2199158521920 259768748871680 1657858347264
R 2748914630720 224309498875904 142386823872546
R 3298670739520 110226040684544 1657858348296
R 3311555648320 274877906944 8589939976
R 3317998101696 109951162777600 2207614440712
R 35184372088832 224318839595104 354042745257984
R 35461397628032 230686816 2199024369664
R 35751442292800 224318642462720 2199024369664
R 70368777732114 1784469534800 70368744177664
R 105553149820946 18431877200 70368878395460
R 105563971131071 178258000 134217796
R 105574725331264 18253619200 281475110928452
R 140737488355328 377347775139840 211114822471936
R 141845590512128 3779572793344 8589938944
R 142940941846848 374117958160384 8589938944
R 211106266087442 1761474252800 70368811286562
R 212480740245567 1752347443200 67108898
R 213855147163712 9126809600 140737555464226
R 281475110928448 525704069382176 494788823552256
R 282576770630848 112287697338400 2207614308608
R 283691180892160 483785116221440 2207614308608
R 316659483017280 224300443369504 495879812907042
R 318033873289280 71303200 3298603663394
R 319408263430208 224300372066304 144036092018722
R 422212599283776 376170416701440 492607113278276
R 422223336707776 2336463257600 25904034628
R 422234074130752 373833953443840 281500880745284
R 35701915648 131074 483183820800
R 4399120252928 49154 13194410065920
R 206162624512 98560 137443147776
R 26388287455232 17024 17592188141568
R 807403520 641 1075838976
R 21990240944128 131084 17592202821632
R 103083409408 1036 137455730688
R 1344274432 98306 1077936128
R 207515287552 98304 4194304
R 68723671040 100108 137438953472
R 26389099053056 640 2097152
R 22093326450688 12 16777216
R 270532608 98951 1073741824
R 17592194433024 213644 17592186044416
R 173140869120 131072 481036337152
R 4398046511104 49155 4398317043712
R 1073741824 32770 13196020678656
R 1342177280 2 483724886016
R 22127671508992 180224 8796093022208
R 137438953472 164096 9002251452416
R 4398851817472 1 2418016256
R 26389352808448 16384 13194141630464
R 8865349369856 1408 34359738368
R 4432674684928 131081 2147483648
R 34359738368 1034 414464344064
R 34896609280 1025 36507222016
R 8933531975680 16640 8830452760576
R 21990232555520 131072 43980481888256
R 103079215104 1024 309254422528
R 4398046511104 131080 52778705616896
R 206695301120 256 103083409408
R 8796093022208 16512 22024592293888
R 536870912 129 35701915648
R 2097152 4 1098907648
R 4194304 512 137449439232
R 8388608 65536 17592198627328
R 536870912 256 69260541952
R 8796093022208 1024 35218731827200
R 1053184 224889051021312 1112397060096
R 147492 1177464864768 549856739376
R 10560 299071726157824 4462741584
R 1179 9269411840 25836924960
R 884772 2341025611776 549923848272
R 889344 2345589014528 1125281968128
R 884736 2336462209024 3874230120528
R 895350 4563402752 167772240
R 892827 9126805504 25769816064
R 4608 228393744334848 1108102090752
R 147456 1177429213184 1649368891440
R 1048576 75355469643776 1662153136128
R 36 4098042626048 549789630480
R 1197 9233760256 67108896
R 12864 224304935469056 4294969344
R 1216 149533617029120 4362078240
R 10496 299067162755072 21642618960
R 27 142606336 25971142752
R 1638436 588678955008 549756076032
R 1152 149533795287040 8657047584
R 1057920 149533581377536 12884908032
R 741888 1177357910016 1099512152064
R 147529 35651584 100663344
R 64 373833989095424 4328523792
R 18 22959620096 134217792
R 2304 299094543171584 17179877376
R 294912 2354715820032 2199024304128
R 147456 142606336 2199024304128
R 1048576 299067162755072 2199024304128
R 16777216 2097152 584294088789
R 33554432 268435456 74766843117593
R 67108864 34359738368 4670359731
R 134217728 4398046511104 525419991199487
R 2147483648 39719882719232 2359280347776
R 4294967296 22268331687936 35191082978432
R 8657043456 449103003648 4563404928
R 10804527104 137449439232 4706011332
R 12952010752 277293826048 4580182152
R 17314086912 57175695163392 37545799921280
R 19461570560 39582435377152 2636322647688
R 21609054208 21991306297344 334276641959620
R 274894684160 105518202880 584115830784
R 549755813888 13196840665088 36043365957632
R 824650498048 2432696320 584132608008
R 837636063232 2415919104 16777224
R 844095291392 16777216 2611358138376
R 1099511627776 39926020177920 1761474302208
R 1374406311936 103083409408 584187133986
R 2199157473280 48653926400000 37220724429056
R 2748913287168 13194676404224 186745250299938
R 3298669101056 39857296506880 2038516602120
R 3311554002944 274877906944 11291071752
R 3317996453888 39582418599936 2622632432904
R 35184372088832 13195225858048 376170416766976
R 35461397479424 29360128 2336463323136
R 35751441989632 13195230052352 37520835411968
R 70368777732096 104968749056 74766790688768
R 70922794958848 3758096384 35184372088832
R 105553149820928 1084227584 74766933295172
R 105563971125248 10485760 142606404
R 105574725320704 1073741824 334251677450308
R 140737488355328 22196927856640 224309498876160
R 141845589917696 481036337152 9126809856
R 142940940795904 22265647333376 35193498898688
R 211106266087424 103616086016 74766861991970
R 212480739508224 103079215104 71303202
R 213855145820160 536870912 184718024769570
R 281475110928384 30923768725504 525713124954368
R 282576770039808 39719861747712 2345590132992
R 283691179835392 61572651155456 37529962221824
R 316659483017216 13194143727616 526872301109282
R 318033872551936 4194304 3504766287906
R 319408262086656 13194139533312 188222719754274
R 422212599283712 22127671508992 523395057857348
R 422223336701952 137438953472 27523035972
R 422234074120192 21990232555520 334279057879876
R 770 293131657728 1038
R 133 584258437188 897
R 16387 11291071752 131074
R 33152 4670359731 16640
R 16389 3504837591108 65538
R 33536 3522948604416 65792
R 115461 3504694984704 65536
R 16385 3516199966062 2
R 33024 3536745774003 256
R 768 18253619712 67086
R 645 584115830784 896
R 774 274878038016 14
R 5 142606404 66437
R 128 4741662933 385
R 2 20417881608 1034
R 130 4580182152 1025
R 49155 11274294528 131072
R 49536 106954803 16384
R 4 2611483967556 6
R 384 4563404928 17536
R 258 281588927616 1024
R 512 2938832773632 768
R 129 584168259609 1
R 3 16777224 131081
R 16384 71303202 49154
R 32768 9126809856 164096
R 65536 1168231661568 98304
R 65536 584115830784 16384
R 65536 274878038016 131072
R 119058909512832 12320 282574488338432
R 623364049179 2128 549890031616
R 158332090320000 262192 211114822467584
R 4907338020 530432 4395630592
R 1239367091328 262224 2765958938624
R 1241783011584 536576 3315714752512
R 1236951171072 1847376 2216203124736
R 2415920256 262160 213885076373504
R 4831840512 528384 3328700317696
R 120914336269440 12288 1099511627776
R 623345174802 10320 134217728
R 39894072312960 12384 281474976710656
R 2169553013019 80 549755813888
R 4888463643 2048 549856477184
R 118749671720064 32 212205744160768
R 79164856074249 2080 70368811286528
R 158329674399744 786480 140746078289920
R 75497508 792576 4328521728
R 311653713024 64 284223755780096
R 79164950446134 6144 67108864
R 79164837199872 4128 422212532174848
R 623307426048 8192 3298669101056
R 18874377 2064 70368911949824
R 197912111874057 48 70368744177664
R 12155098788 262144 4294967296
R 158344169921280 524288 8589934592
R 1246614852096 1048576 17179869184
R 75497508 1048576 134217728
R 158329674399744 1048576 281474976710656
R 2207614242816 211660283578368 563584
R 274945146912 1108202754096 278579
R 21609064512 281479271680000 2261
R 2197816344 8724156480 13090
R 1649335336992 2203319273472 278613
R 1657858166784 2207614242816 570112
R 1649268228096 2199024304128 1962837
R 1670977955952 4294969344 85
R 1664350952472 8589938688 13056
R 8589938688 214958820034560 561408
R 274878038016 1108169199648 835635
R 2199024304128 70922795223040 842112
R 67108896 3856983134256 278545
R 2231370792 8690602032 34
R 25904033856 211110527502336 2176
R 2281702464 140737521909776 2210
R 21474846720 281474976710656 10965
R 50331672 134217792 13158
R 3298603565088 554051045376 278528
R 2147484672 140737689682016 4386
R 2218351666176 140737488355328 6528
R 1382980128768 1108102090752 557056
R 275029033032 33554448 51
R 134217792 351843754442768 2193
R 33554448 21609064512 68
R 4294969344 281500746526720 8704
R 549756076032 2216204181504 1114112
R 274878038016 134217792 1114112
R 2199024304128 281474976710656 1114112
