247
16777225 18874369 34370371629
33554450 2415919232 4398048608329
67108900 309237661696 274728091
134217792 39582418599936 30890763155199
2147484800 322294555672580 138781726336
4294969600 200137959801344 268444800
8657048100 3764901724293 268436608
10804532900 1237045018629 276825252
12952017700 2218619043968 268436672
17314095168 479396867604992 138781734528
19461579968 321057529528320 138782783168
21609064768 197921756676608 17593536624292
274894831625 947499614339 34359885824
549756108800 118769401725184 34360934400
824650940425 19730006144 34359885888
837636512575 19595788416 64
844095743168 134217728 137440591936
1099512217600 323874931638274 103616530688
1374407049225 927750733826 34364080146
2199158521920 402426087604480 103617579264
2748914630720 118752087638272 8899177922578
3298670739520 323256418566144 103617587520
3311555648320 2199023255552 536881472
3317998101696 321057395310592 137977473344
35184372088832 118757032722950 22127672098816
35461397628032 247463942 137439543296
35751442292800 118757053694464 137439543296
70368777732114 944718791557 4398046511104
105553149820946 9758048773 4398054899748
105563971131071 94371845 8388644
105574725331264 9663676928 17592194433060
140737488355328 199772350808320 13194676406528
141845590512128 4054449225728 536873216
142940941846848 200115948093696 536873216
211106266087442 932544823552 4398050705426
212480740245567 927712985088 4194322
213855147163712 4831838464 8796097216530
281475110928448 278313918595074 30924301994240
282576770630848 322294383706114 137976416512
283691180892160 518969488310272 137976416512
316659483017280 118747293548546 30992489086994
318033873289280 37748738 206163509266
319408263430208 118747255799808 9002256531474
422212599283776 199149043646464 30787944586020
422223336707776 1236950646784 1619008292
422234074130752 197912092999680 17593805052708
35701915648 1048592 3865470566400
4399120252928 393232 105555280527360
206162624512 788480 1099545182208
26388287455232 136192 140737505132544
807403520 5128 8606711808
21990240944128 1048672 140737622573056
103083409408 8288 1099645845504
1344274432 786448 8623489024
207515287552 786432 33554432
68723671040 800864 1099511627776
26389099053056 5120 16777216
22093326450688 96 134217728
270532608 791608 8589934592
17592194433024 1709152 140737488355328
173140869120 1048576 3848290697216
4398046511104 393240 35186536349696
1073741824 262160 105568165429248
1342177280 16 3869799088128
22127671508992 1441792 70368744177664
137438953472 1312768 72018011619328
4398851817472 8 19344130048
26389352808448 131072 105553133043712
8865349369856 11264 274877906944
4432674684928 1048648 17179869184
34359738368 8272 3315714752512
34896609280 8200 292057776128
8933531975680 133120 70643622084608
21990232555520 1048576 351843855106048
103079215104 8192 2474035380224
4398046511104 1048640 422229644935168
206695301120 2048 824667275264
8796093022208 132096 176196738351104
536870912 1032 285615325184
2097152 32 8791261184
4194304 4096 1099595513856
8388608 524288 140737589018624
536870912 2048 554084335616
8796093022208 8192 281749854617600
17414758512 17660905553920 6930
15049169928 34368143364 1197
2199057858576 13194676404480 147483
279173007360 274727043 298368
1099545706512 172872516096 147501
1103807121408 207232270848 301824
1099512152064 138512761344 1039149
33554448 13367817356160 147465
4294969344 208043869059 297216
1125516849264 68719509504 6912
15032392704 8388612 5805
234881136 17592186044416 6966
1114628430888 34359754752 45
6459231240 34366046211 1152
17347649616 13262859042816 18
17196654600 4398050705410 1170
2199024304128 8796629893376 442395
274878038016 270532737 445824
100663344 17763984818176 36
294205400064 4194306 3456
17179877376 26388283260930 2322
12884908032 206166917124 4608
16777224 4398056996869 1161
2199175299144 4398046511104 27
824667668496 268435584 147456
2753075349504 536871168 294912
1649268228096 1073742336 589824
147456 75497472 137439019008
1048576 158329674399744 137439019008
16777216 16777216 309332164653
33554432 2147483648 39582571692105
67108864 274877906944 2472543387
134217728 35184372088832 280233193699071
2147483648 317759061753856 1249030772352
4294967296 178146653503488 281494572508288
8657043456 3592824029184 2415920256
10804527104 1099595513856 2491417764
12952010752 2218350608384 2550138048
17314086912 457405561307136 282741187360384
19461570560 316659483017216 3465369171648
21609054208 175930450378752 439833986086564
274894684160 844145623040 309237792768
549755813888 105574725320704 283983238807552
824650498048 19461570560 309372010560
837636063232 19327352832 134217792
844095291392 134217728 3436109692992
1099511627776 319408161423360 932545218816
1374406311936 824667275264 309275541522
2199157473280 389231411200000 284606546233600
2748913287168 105557411233792 363766589341714
3298669101056 318858372055040 3148883618112
3311554002944 2199023255552 22145935680
3317996453888 316659348799488 3458121410880
35184372088832 105561806864384 199149044170752
35461397479424 234881024 1236951171072
35751441989632 105561840418816 282711927881728
70368777732096 839749992448 39582418599936
70922794958848 30064771072 281474976710656
105553149820928 8673820672 39582494097444
105563971125248 83886080 75497508
105574725320704 8589934592 439804726607908
140737488355328 177575422853120 118752087640320
141845589917696 3848290697216 4831840512
142940940795904 178125178667008 281479808551168
211106266087424 828928688128 39582456348690
212480739508224 824633720832 37748754
213855145820160 4294967296 360639851659282
281475110928384 247390149804032 278318713211136
282576770039808 317758893981696 1241783011584
283691179835392 492581209243648 282716759722240
316659483017216 105553149820928 278932394704914
318033872551936 33554432 1855464505362
319408262086656 105553116266496 362495278415890
422212599283712 177021372071936 277091501218596
422223336701952 1099511627776 14571019044
422234074120192 175921860444160 439819222129444
158948149985280 33152 13228767707136
309313290276 16387 69262639104
118752087640320 133 17592454479872
2472543387 770 545259520
1555852644864 16389 137707388928
1865090437632 33536 137975824384
1246614852096 115461 137438953472
120310356205440 5 268435456
1872394821531 768 536870912
618475585536 33024 13434926137344
75497508 49155 69260541952
158329674399744 49536 4432674684928
309237792768 16385 241061330944
309294415899 2 543162368
119365731385344 128 13194407968768
39582456348690 130 8796095119360
79169669040384 645 17592186044416
2434794633 774 8388608
159875863363584 16384 34628173824
37748754 258 8796105605120
237494549348370 384 8796093022208
1855502254116 32768 69256347648
39582512971821 3 2097152
39582418599936 129 21990234652672
2415920256 4 1350565888
4831840512 512 17593796657152
9663681024 65536 138512695296
65536 309237792768 131072
65536 2199024304128 1048576
33152 17427341430 1052672
16387 16930316169 131104
133 2199062052882 10304
770 314069633280 1048
16389 1236988919826 786464
33536 1241783011584 790528
115461 1236951171072 786432
5 37748754 796784
768 4831840512 793624
33024 1264042193526 4096
49155 16911441792 131072
49536 247464054 1048576
16385 1253956984749 32
2 7266635145 1064
128 17351843922 12352
130 17198751753 1088
645 2199024304128 10240
774 309237792768 24
16384 113246262 1572896
258 328833590400 1024
384 17179877376 1057792
32768 14495521536 659456
3 18874377 131144
129 2199177396297 64
4 927751127058 16
512 2822331730176 2048
65536 1855426756608 262144
75497508 65536 8388608
158329674399744 65536 17592186044416
8310 158948149690368 1614807810
8073 309313142784 278921349
1048594 118752087638016 34366046211
149760 2472542208 69524816256
589842 1555851902976 34370240517
592128 1865089548288 70330123008
589824 1246614257664 242139382533
18 120310355460096 34361851905
2304 1872393928704 69256380672
602742 618475290624 1610613504
8064 75497472 1352663685
118 158329674399744 1623196422
597933 309237645312 10485765
3465 309294268416 268435584
8274 119365731090432 4194306
8201 39582456348672 272629890
1048576 79169669038080 103085555715
147456 2434793472 103884571008
54 159875862626304 8388612
156800 37748736 805306752
8192 237494549348352 541065474
6912 1855501369344 1073742336
9 39582512971776 270532737
1048649 39582418599936 6291459
442386 2415919104 34359754752
1345792 4831838208 68719509504
884736 9663676416 137439019008
274878038016 8388612 589824
2199024304128 17592186044416 589824
