93
R 16384 29389696 16400
R 2097408 163873 5243008
R 459016 65538 2164736
R 9446409 18450 16777216
R 660 8192 852800
R 2097728 29379136 16777344
R 16777216 14680064 20971524
R 524800 11534336 1736705
R 9240832 29968402 16908288
R 524820 2106368 1802241
R 4 2099200 2050
R 7808457 18434 16779264
R 256 32801 24118007
R 20978708 8196 12587008
R 96 256 426400
R 532 2105344 14385997
R 512 18893376 688800
R 256 262144 852800
R 16387 8396824 24592
R 295168 262144 28114970
R 2 360811 2097218
R 524819 8396801 1474561
R 2097216 29389696 128
R 7569632 2 2099200
R 2242 18496 16779776
R 9446409 163840 1048576
R 16394 1868801 21520
R 264 327680 2184215
R 2626 19008 16777728
R 16777235 8396804 12582916
R 531 8396800 14057485
R 7347207 4 12582912
R 7347207 18432 2048
R 16777236 2109440 23068676
R 28115776 29360128 16777216
R 20992020 168965 4096
R 26624 820225 5120
R 663188 8193 1475584
R 65856 33 32
R 19456 8216 8192
R 656020 9216 1803264
R 8388864 131072 5373952
R 18432 918428 4096
R 262144 32768 32768
R 196608 76802 720896
R 467208 83970 17303552
R 2050 820025 16798208
R 295176 262146 2187290
R 2097344 14400 18874496
R 16777234 5411845 4
R 524826 1049601 1048577
R 65664 11328 753696
R 7347207 163841 1048576
R 32768 262153 393216
R 15139264 14338 18874368
R 512 10485760 13631917
R 670356 1025 1049600
R 16777242 1213441 1048580
R 589824 26822674 655360
R 65536 26240800 163872
R 65632 257 426016
R 65536 5248160 131072
R 8651008 30306332 131072
R 20985876 164865 1052672
R 3 8396810 24600
R 2082 280 16802304
R 8456 786432 17323008
R 9732384 12 8388608
R 20480 16384 18432
R 34 266 2121818
R 16400 18874368 16
R 8847616 79874 19005440
R 236775 1 425984
R 2097152 164005 4194432
R 2 5248160 20500
R 2097184 260 8388736
R 7168 8192 14070784
R 194 64 2099264
R 2306 819233 16799232
R 304425 16 16801792
R 16386 6068121 20496
R 32 264 27263834
R 16388 2113536 2064
R 303368 262160 17326080
R 860424 608274 17301504
R 8683776 262156 8519680
R 66048 26233408 688160
R 20 2097152 27263834
R 258 360481 2118743
R 128 10304 754400
R 10 1410049 21525
R 20971540 12288 23072768
R 295209 2 26650
