R 64 14336 578
R 69 8194 322
R 76 69632 194
R 68 69090 2
R 70 1504 34
R 32 448 2144
R 544 96834 2048
R 2592 65664 2240
R 1568 31232 2560
R 2 1440 1027
R 1026 1536 1040
R 6 1024 49
R 770 261 1033
R 1024 29184 18448
R 1036 790528 20496
R 2562 32900 1029
R 1028 541712 16
R 1029 270352 24592
R 5 8192 24922
R 16 262154 256
R 771 5 41
R 768 256 11593
R 2560 128 7365
R 514 33313 1024
R 800 258 2368
R 885 2 320
R 915 32772 37
R 12 4096 20694
R 2796 65536 192
R 1536 512 17920
R 3084 786432 20992
R 3212 524304 512
R 3228 262160 25088
R 787 33249 32
R 885 480 32
R 256 280 8192
R 144 4 165
R 9 262144 24600
R 2457 32768 24581
R 1632 30720 512
R 2048 917636 4096
R 8 167936 4
R 144 262144 25344
R 1 270349 8
R 128 196612 128
R 2304 4 5125
R 2457 32784 24576
