153
1 24966 130
3 128 3
5 3728128 4
6 768 954433592
13 6544687104 12
29 780273664 60
45 33030343680 28
65 3 128
128 65 65
129 129 129
256 3461900 390
257 3728140 134
768 99864 910
768 31632654336 4160
769 32723535384 142
780 32723435520 8206
1792 763496480 4030
1793 780273696 190
2816 31956601904 1950
2817 33030343728 158
4096 5 3728128
4288 257 3994368
4416 2130700 2130688
4928 26178848280 768
5952 679610400 12780288
6976 26587892784 4260608
12480 256 3993612
12483 26178848256 12
12486 2130688 2129932
12510 679610368 12779532
12526 26587892736 4259852
24966 2129920 2129921
24966 2130112 1
99864 798912 532480
99864 8519680 34368258048
124830 679608320 12779520
191406 25769803776 4259840
266240 12483 1056440320
266240 201326605 232960
266432 769 1073712640
266560 780 954437120
532480 4928 1073479680
798912 768 119275520
1064960 49152 954204160
2113536 2113536 2113536
2129920 3145729 29120
2130112 1 29120
2130688 3411968 4550
2130700 3678208 8198
3145728 24966 3145728
3411968 12486 3678208
3461900 12480 8192
3678208 4416 3944448
3728128 4096 4097
3728140 4288 8193
4259840 746586112 262080
4260608 763363328 8190
4260620 780140544 8254
4308992 679477248 12828672
8388608 42949672960 208781312
8519680 47244640256 119275520
8519680 52357496832 128960
8520448 31956402176 6110
8520460 33030144000 8222
8521728 48318382080 17045470
8521760 49392123904 34086942
8568832 26587693056 4308992
17043456 45 33260963840
17043648 2817 34351482880
17043776 8520460 26717849600
17045312 8521760 34368260096
51130560 2816 34351480864
51130566 8520448 26717847584
51130590 8521728 34368258080
102261126 8519680 61069066240
134217728 13097943040 26172456960
201326592 191406 545259520
201326592 6544687104 30534533120
201592832 12526 33260830720
201859072 6976 34351349760
202391552 8568832 26717716480
208781312 8388608 34368126976
218103808 3272356078 32715571200
234881024 1090788160 33806090240
268435456 34896609280 34896609280
679477248 13087293440 202391552
679608320 13086228480 119304640
679610368 13086494720 17043910
679610400 13086760960 34086918
746586112 6544712070 201326592
763363328 3272356038 201859072
763496480 3272356032 34086912
780140544 1090785600 202125312
780273664 1090785280 17043457
780273696 1090785472 34086913
805306368 34359738368 954204160
813694976 34493956096 217300992
813826048 34561064960 119537600
813828096 34577842176 17047550
813828128 34594619392 34086974
817889280 134217728 12900876288
818088960 218103808 1074012158
818089008 234881024 2148016190
818352128 201326592 232960
1090785280 29 32216515584
1090785472 1793 33290257408
1090785600 4260620 25774064640
1090787136 813828128 34363999232
1090788160 818089008 4260864
3272356032 1792 33290256400
3272356038 4260608 25774063632
3272356062 813828096 34363998224
3272356078 818088960 4259856
6544687104 266240 4526081
6544687104 818352128 4259840
6544712070 4259840 25774063616
6544811934 813826048 34363998208
13086228480 124830 30068965376
13086494720 12510 32216449024
13086760960 5952 33290190848
13087293440 4308992 25773998080
13093683200 813694976 34363932672
13097943040 817889280 4194304
25769803776 201326592 7518056896
26178748416 1064960 34360803328
26178748416 806371328 34359738368
26178848256 266240 455
26178848280 532480 532486
26587693056 202391552 12885966848
26587892736 201592832 1074008518
26587892784 201859072 2148016134
31632654336 6 532480
31956402176 51130566 12885434368
31956601904 51130560 2148016128
32723435520 266560 798720
32723535384 266432 532481
33030144000 17043776 12885700608
33030343680 17043456 1074008065
33030343728 17043648 2148016129
34359738368 26178748416 17448353792
34359787520 26178748416 49152
34493956096 13093683200 26038239232
34561064960 6544811934 30333206528
34577842176 3272356062 32480690176
34594619392 1090787136 33554432000
34628173824 34628173824 34628173824
34896609280 51539607552 268435456
42949672960 208781312 8589934592
47244640256 99864 12884901888
48318382080 51130590 15032385536
49392123904 17045312 16106127360
51539607552 268435456 51539607552
52357496832 102261126 12884901888
