123
257 623346223424 4227402
532480 34630278784 49152
131104 1350580573056 32768
24 67108864 50
28690 6509563904 688136
10649600 2199023255552 184549376
2263040 138512695296 10486400
2368 4328523792 11264
2654210 2216337342464 1048576
1835010 2216337350656 1048640
12779520 1099511627776 75497472
4352 277043348544 17957888
4259840 1114544013312 557056
164514 4328521728 185991168
2114304 117506560 16875520
8519680 824633720832 262144
196608 1342177280 69750944
163880 1153433600 4
482 4328523776 185991256
1573248 31232 23068672
650 1174405120 185993984
2719762 21541945344 223346688
28678 1179648 8
256 1835405236864 128
5244160 21542473728 88080384
1 72 8
13 71303680 6
458 100663808 185994072
832 100663812 9984
4195588 604508160 4227104
4390944 1108638433280 32800
9439488 2203352041472 50331648
769 71303684 4227332
5376 6509563936 17335296
262912 234881540 29368320
10 512 46500630
2261024 138592387072 32772
139298 279206428672 393216
4390912 1100853805056 69734560
262208 639015 20971520
2304 1825394657296 38045970
48 270532608 1
2621450 234881024 164626432
8388608 1271310319616 40143250
28706 279206430720 393224
18 4096 105683250
263424 21541949472 88088576
5 623346223360 72
524676 21248 4227073
28682 117441024 229384
1310788 638976 4227072
6389760 21474836480 104857600
4392960 1100585369600 10489984
8390916 622804076544 4227090
1835018 234881536 164626496
4160 61 16811008
8390912 1825394919424 38046098
1064960 426010 16777216
2097924 71369216 4227076
21 603983872 34
8390656 1236950581248 10485760
28674 277043348480 1048584
466 4362080256 185997656
24 2097152 10568325
663552 34630270976 16385
6400 279206430736 17040384
167570 1073741824 4608
2785314 2203351777280 185597952
2097920 10551808 8454788
262528 14849 23076864
4195584 9999749120 67637408
663584 34630275968 32769
262400 2216337350720 134225920
4096 1179720 16909312
262208 117 8192
139298 4992 1
8407296 279206692864 17039360
3146496 234947072 29360128
1331200 26 32768
1835026 21541949440 223346752
1048832 2216338399232 134217728
1327168 639002 16809984
2305 622803814416 4227346
264448 2203351779344 50339840
98304 67108864 105683200
256 1048640 156411210
2097664 8454656 640
2260992 138514792448 10551940
99840 4294967296 6400
163864 1075838976 10568324
1 1343570 4227330
524672 16512 2113537
541056 24064 16826368
8388640 68719476736 32786
1835042 2203351779328 185598016
40970 117440512 229376
65 39 4227328
4195328 9731313664 4224
4864 117441028 16876544
2129920 138638524416 98304
4480 7681 16827392
8194 277043356672 1048576
196656 9126805504 32
37 622803814400 16
1280 9999224864 67637280
8390656 554084599808 2432
16640 277042299904 17956864
1281 603983904 4227360
6389760 17179869184 184549376
98328 1073741824 196561280
7 4864 3
385 4865 4227329
98962 5435817984 185997568
260 623345174784 4227146
28672 7680 180232
1835008 14848 158335040
73746 6509559808 688128
768 10486276 8454660
4211968 6510088192 17334272
384 129 2113665
1344 4362080288 13568
448 6656 186002520
448 1 9600
