60
24770 17408 596
34 263061 262436
20481 3074 575494
32768 622705 32772
528 4224 12288
240 4096 192
8738 992 262212
36914 149 786452
24626 512 787028
40962 65632 98310
3076 68608 3078
2048 363529 1028
68 552973 16932
23553 3072 18438
2320 4100 12300
2048 131076 4100
128 836896 36
1620 8192 24908
16912 12802 278596
33059 262261 262148
1700 4512 332
128 131200 132
9350 83360 68
84 12301 25132
196 541696 564
176 4224 396
8194 83520 98372
8 32768 5
2305 262153 9228
1028 80288 3140
21249 2 346118
17476 31744 16452
2 32 98607
2388 4109 24588
769 98 336902
44046 65536 6
1 1 566301
1540 12704 3404
4369 31 278532
4097 527378 573444
16384 19970 639044
3840 4096 20480
34952 1015808 4
32768 131076 131076
41729 96 327686
37069 524288 20
16 12829 279332
6213 527373 16388
512 12770 273476
162 262432 300
16384 4096 393216
4 1024 3639
45056 128 393216
36865 524305 557076
2475 262144 12
50 661 786740
257 262250 271364
24578 17920 98900
16 132 12460
36864 132 655380
