R 528 880935024 42
R 656 260083777 1345
R 297 1048586 2
R 294 1048704 258
R 112 335544336 1381
R 320 4194304 1536
R 657 8519745 2049
R 561 49 2048
R 608 335544320 3072
R 102 1048644 293
R 529 914489456 2090
R 396 8320 2240
R 128 260149313 1280
R 64 4195344 1040
R 19 2112 48
R 28 167772160 9
R 70 1130756 272
R 16 268435472 1365
R 296 532618 514
R 66 1134404 16
R 5 9568324 33
R 81 2128 2064
R 12 176193536 2275
R 4 1065220 20
R 15 1048576 6
R 10 512 24
R 96 335544400 2405
R 72 4194816 528
R 264 15474826 512
R 17 905971792 2080
R 160 8396993 2112
R 1 914489464 10
R 198 82048 256
R 288 8913024 130
R 8 2130432 520
R 6 1048896 260
R 896 8650752 576
R 99 1048580 37
R 32 532610 640
R 640 260341760 65
R 528 192974913 1344
R 660 167936 1
R 648 8683520 513
R 524 167804928 2282
R 300 8396928 2242
R 480 128 384
R 512 134250496 2730
