R 1 16777232 25952280
R 4 4215108 14057485
R 6 320 24600
R 8 10813440 24600
R 8 11337728 21525
R 10 2162688 15375
R 17 16777216 21525
R 64 262400 262400
R 320 5406720 1056
R 800 524800 22730400
R 832 5248005 33120
R 864 524824 524800
R 960 159876 164000
R 1024 16404 17408
R 4096 4096 4096
R 10250 960 4340736
R 16384 30277632 5444
R 16392 11469760 13316
R 16394 2163648 15364
R 16401 16777220 21508
R 16404 4194308 4
R 16704 6186009 1344
R 16896 26240025 320
R 24576 994250 9216
R 26624 68546 11264
R 65600 16896 22708245
R 65602 832 21525
R 65604 16704 14082069
R 67650 656000 4338816
R 68450 524804 4347008
R 68546 131204 4325504
R 70724 16384 25976832
R 75850 656320 4338688
R 131076 24576 10988000
R 131204 26624 2165216
R 136196 16392 11348800
R 136324 16394 2165568
R 159748 75850 10561600
R 159876 10250 2164800
R 161796 67650 10496000
R 168965 8 787200
R 169125 10 768
R 262208 262208 262208
R 262400 327680 64
R 327680 64 327680
R 524288 29388828 10813450
R 524289 16777240 11338570
R 524292 4222980 10977770
R 524312 10551360 10551370
R 524314 2162752 10485770
R 524800 31488030 2162690
R 524801 16777242 2163522
R 524804 4225028 2163170
R 524824 10485760 2162754
R 525120 5248005 32768
R 557600 524314 832
R 557920 524312 525120
R 656000 161796 480
R 656320 159748 164320
R 820000 524288 22729728
R 844825 4 4281408
R 895850 524292 4346880
R 994250 131076 4325376
R 2162688 169125 32800
R 2162752 557600 9469984
R 2163552 524801 17858592
R 2163648 136324 4227104
R 4194308 1024 5243904
R 4199428 16401 16778240
R 4215108 844825 1024
R 4222980 895850 8389632
R 4225028 68450 10486784
R 5248005 17 16777216
R 5248005 65602 10551360
R 5248005 65610 8388608
R 5406720 6 65600
R 6186009 65604 4259904
R 10485760 864 11567104
R 10551360 557920 9469952
R 10813440 168965 32768
R 11371360 524289 17858560
R 11469760 136196 4227072
R 16777216 5248005 1048577
R 16777217 16777217 16777217
R 16777220 4199428 5242881
R 16777232 27033600 1
R 16777240 11371360 8388609
R 16777242 2163552 10485761
R 26240025 65600 6291456
R 27033600 1 17825792
R 29388828 820000 8388608
R 30277632 70724 4194304
R 31488030 800 10485760
