76
2048 65856 2048
4102 2304 10248
606208 2097408 272384
589840 2097184 32771
97 34 35
10248 65568 1027
590336 2097664 524864
10496 66048 16960
589824 2097152 895555
134 2560 592
1120 258 10496
32864 130 196736
96 2 207331
6 2048 207454
10240 65536 220739
131072 4200448 917508
262144 4390912 692224
917504 4194304 135300
12544 288768 16640
1024 262154 13568
13312 262144 270600
4096 272384 28680
131077 1031 32772
16 3146752 32793
1 1027 45
1568 27262992 16640
21 1024 33825
512 18874384 525088
256 589840 17056
786448 4423680 32772
800 16 541200
16384 10485760 287744
128 18432 912
33056 4915216 524416
951072 4216832 524416
801 622608 48
8 98304 1045
148 20546560 48
9224 11796491 1032
4117 11535360 1032
275456 262158 266240
671744 4208654 266240
64 578 64
2 2144 2
601030 512 576
65536 2097344 65536
600187 32 3
8448 813568 16384
17952 27262976 16384
660 20545536 32
1056 27263256 256
29725 11534336 1024
8200 294955 1024
12672 26624 256
524800 20994560 524288
946176 14350 4096
132 19940864 16
295200 743424 524288
4100 9483 8
13325 11534347 8
524304 5472288 32768
917532 229376 4
131076 234631 4
163845 7 32768
979968 12597518 262144
32768 6 426112
272384 65664 200704
501862 128 196608
33 622641 32
32800 743572 128
613478 256 10240
131078 2176 196612
918400 22528 128
270336 407680 4096
439296 12597504 262144
957 622592 16
