54
8 262145 4129
2570 9408 2
84 1065260 516
4 33280 536
242 5120 81
102 1052929 384
3849 2105856 24616
2568 533698 4098
640 1705984 131200
1664 2228768 133632
2560 1572864 139266
170 10747905 32
1040 4218896 17408
257 2200089 32768
246 1052673 401
528 1057026 16512
86 8448 388
2056 4990146 4096
160 133120 2208
1280 4194320 81936
9 1048576 24599
544 133504 128
80 24576 1284
6 8192 430
240 1024 3665
1285 102912 16
128 10488320 133184
255 1048577 17
2313 2105858 24576
1680 1056 72192
16 1065220 17152
272 4194326 16384
34 10754625 64
144 4097 71104
1 40 32780
512 532610 12416
3841 2097184 32808
3855 8704 40
1281 102929 32784
2448 4194336 69632
1168 4199425 70656
2569 1048578 24578
2 1088 67
1024 69649 99328
162 10750465 96
2176 9961504 131072
85 1048620 4
164 131584 544
3840 32 233512
1536 2097664 190976
1288 4194305 4112
1632 132096 2560
68 1229100 512
1088 91136 1024
