153
2181038210 3072 21
4362076420 229888 13
6 8192 169902090
131072 5370019840 17043457
1090519105 8378 7
61069069880 35433592539 5
268436496 537004064 34359738400
19327352832 268501008 56908316672
2415920144 268503056 34359738389
1331200 27 8192
21474836480 134283272 48318382080
4563403792 134414344 34359738381
26038240792 38664142848 4
8589934592 1074003968 18253614400
26038240272 35526803456 34359738372
134218248 35442130944 2052
18253611008 33554456 41875931136
1342178320 33554488 34359738375
42949672960 1526726656 39728447488
60397978640 35886465024 34359738373
272630784 67125508 4304404484
2420114432 268501264 4299423748
4567598080 134299656 4297326596
26042434560 5452595200 4294967300
1346372608 33554460 4295753732
60402172928 5821693952 4295229444
2181562496 1280 4456452
163840 554958848 16384
4362600710 115200 2359300
1091043395 8350 786436
61069594170 5368821467 262148
524290 5368729925 4
1310723 8192 532480
1052677 133120 8388608
2147483776 512 301991424
134217728 38664142848 85217281
786435 8222 786432
4395630854 512 167772160
1572870 114688 2359296
2147484672 268502544 11039409664
4294968320 134250504 10905190400
1152 4261392 301991040
1572870 2048 53
136316160 2179080 2359556
1024 545259520 654313920
8589936384 2162696 25769807168
134219016 2293768 2061
1792 2097160 25769805312
266240 603996452 8388608
136315904 612385028 9437444
134218760 8521760 2080
136316032 4260112 4456708
8589936256 4259856 3392
134218888 4261904 2069
1600 524296 19327353984
8589936192 524312 19327356224
134218824 524344 2055
136315968 524316 786692
545259520 32212254720 67371012
15011840 603979776 16384
136314880 613416960 1048836
8589936640 1080819712 17179872576
134220296 35440558080 2053
34359740416 27917287424 18069061632
536870944 62277025792 536870917
136317440 5375787008 262404
268436480 436315802 2811645989
2415920128 268502672 2453733392
4563403776 134258696 2317385736
1342178304 33554434 2148016130
2181038208 640 306249744
4362076422 8704 169902088
1090519107 8320 532482
8589934592 1158676480 38654705664
469762048 8589975560 136347656
2048 10737418240 17582522880
5452616000 65536 25769803776
134218752 981575322 664162469
134218880 4261520 306249872
134219008 2138120 169902216
134218816 524290 532610
402653184 35332925082 630607909
436207616 17179936400 272695312
419430400 2147483650 34086914
478150656 8590016520 69468164
1006635008 8589934600 26172456960
35366373376 8590000136 26658996224
469762080 8590131208 536870925
142606336 39258685440 68157444
411041792 34963734788 76546052
402653216 34359871520 536870944
444596224 17179934992 71565316
35332818944 17179934736 889192448
436207648 17179936784 536870933
1280 2129928 167772800
233472 25 12288
427819008 2147483676 67895300
956303360 2147483656 19730006656
35316041728 2147483672 20216545280
419430432 2147483704 536870919
14942208 28 1851392
62159588928 24 19341463605
57 56 8519719
268502016 16781377 1074155521
2415985664 268501072 1074069505
4563469312 134287368 1074036737
1342243840 33554457 1074012161
60398044160 452984832 1074003969
2181046400 1088 327681
4362084614 102912 294913
1090527299 8347 270337
61069078074 112347 262145
956301312 2147483648 167772800
1597440 45083 262144
24582 102400 294912
1335299 8219 270336
17448305680 613416960 34359738368
134250496 562298880 282689
134251520 562040897 413761
134251648 4259920 327745
134251776 2166792 294977
134251584 524313 270401
134253056 7077888 262209
134217728 988282880 33554560
2147483648 268502032 25769805312
15204410 5368709120 262144
1597440 65536 13631541
20485 196608 8388653
14962688 81928 3424256
2048 18260688896 17179870208
62159609408 65544 25783914549
20537 196616 8519725
136315392 5370019840 260
14946304 603996420 8404992
4153 133152 8519680
798720 65792 5505024
1585157 67584 8388661
14954496 65808 5521408
62159601216 65552 14110773
12345 67600 8519733
1331200 81920 3407872
469893120 8590004232 17072129
134348800 39209664512 17059841
402784256 34913390657 17190913
436338688 17179934800 17104897
419561472 2147483673 17047553
537001984 28991029248 17039361
245760 69640 36864
1024 402753040 10737418880
229376 553652289 147456
237568 65616 69632
20480 8 25776193560
956303936 8 10737418880
