93
1115137 74 910336
524552 4653056 393218
22729749 427424 17408
16793880 4587520 21531
22731797 443808 17441
1868801 393220 906240
33 462 131076
17825920 68176 16805227
16777876 14057472 32
524288 3247104 294914
1606657 16811025 901120
27648 64 7333
99 10486208 8388616
1048577 594 552299
131204 14336 2359296
65536 4325706 393228
16777344 16777232 16777744
1049601 66 912384
4194304 13312 1048609
18402321 17317888 16384
8388608 299008 5243045
16777496 5111808 21685
1736705 443405 541729
16794211 10485824 25627
655360 429069 327680
19927168 337984 28337152
1736737 425997 32801
736 328256 26425
819233 4 4325376
2162754 288 8388905
65800 4325376 393228
16793748 14058496 17435
524288 18975761 360448
98304 10 65536
16777761 2097744 28027
128 17317888 16777744
1114145 106 8421673
12672 262144 22395
16777216 1048577 1048577
12976524 327680 393216
16793616 1082368 16411
13024 327744 26491
786432 458756 458752
1737729 427021 902144
1867809 425988 4227237
16777728 16777232 885248
65569 458 8519692
524420 14060544 262146
1867777 917508 545957
384 786432 22197
12960 65600 28539
2162690 768 25897
23552 17408 1057
16777315 10485856 8388904
12582912 4096 12976128
8392832 266240 28333056
1048609 99 10518891
16777364 14074880 17457
4198528 12288 28328960
27648 425984 1057
27061273 917632 21669
16777232 18400256 16400
19922944 338016 9437481
1605633 574481 540672
132 14070784 262152
28512 425984 4194436
16777249 2097249 10486122
16794145 2097216 27675
16777827 10486336 25913
672 66128 28539
132 4096 393228
4194432 28672 16794657
27061337 426112 4194469
792 4194304 4194308
33 2097154 10485770
16778008 4620288 4194468
17825792 67681 11534699
8388736 790528 16798885
2048 16811552 16384
524915 10485760 2
19923072 338496 16803113
24248452 337920 2097152
17830016 67648 28339200
864 327680 66
2164738 256 25600
27059225 393344 21504
22731861 426400 33
29158489 128 12582924
1114113 586 550185
27648 917568 5285
17860097 16777232 884736
12714116 331776 2490368
29223963 128 8388620
