R 1 21 17
R 1 24 8
R 4 528 2
R 4 1296 257
R 7 16 11
R 8 20544 4
R 10 64 3182
R 16 32778 128
R 32 98 162
R 33 18 18
R 34 8240 2
R 42 8256 98
R 64 5891 544
R 81 4099 16
R 128 24580 64
R 144 4 3285
R 145 4100 21
R 256 2060 2176
R 256 4353 816
R 256 32778 128
R 304 2 176
R 320 4355 560
R 400 32772 3200
R 512 2240 2568
R 514 32912 8
R 516 2064 264
R 522 32832 3080
R 1088 10976 512
R 1284 6400 256
R 1600 2272 640
R 1632 224 128
R 1792 2048 2432
R 2048 50176 1024
R 2970 32768 3072
R 3072 1024 1893
R 3076 5120 261
R 3136 9216 608
R 3229 4096 5
R 3306 8192 96
