104
8200 90309632 24
4257 67158048 32816
2112 2113665 3200
73738 117572608 16777232
8481 73400328 32792
4100 577536 48
394016 68173824 135281472
25600 77594624 8880132
328070 24576 1057728
8202 132096 16777224
16672 2225078272 426496
393241 67158016 4194354
6150 512 114688
524320 17215801553 180619280
9504 77594632 425984
41248 100663304 17039376
16416 17188323908 1114624
32 86660265 1024
327690 16640 3
6 16384 1172423
3168 2114049 49152
262532 1056768 1048640
25 73400320 4194330
196608 16384 148897792
1025 5100273683 32768
34912 2115713 35913744
327705 2113792 4194307
67584 2048 35651600
16544 8657125376 819712
393216 67108864 249412470
160 8657698816 67637280
524384 270551168 35915792
6 131072 67769384
405504 81920 884740
524288 18253611008 12582912
262152 138445122 68
5280 67190816 819200
524448 8657305600 67373072
622592 2115712 2097152
16896 15032385592 294912
274436 142672452 1048580
1056 8454660 1114112
328480 2121728 135275456
4166 4096 660480
800 203423744 135274560
4102 135168 67769376
33 4227330 32838
4100 143721028 1048576
544 17315143680 8192
65538 118365184 16
2050 8192 1048576
50688 56 262160
32800 35932305 180617232
327680 2097152 150070215
393228 49152 50
672 8658108416 6912
418816 67190784 9273348
196614 786432 67108864
288 2164260864 16909320
393600 1064960 1063744
287744 8454724 9437188
688128 67371008 100663296
16 17716740162 33030
8480 16777224 16908296
2048 5120 36064401
48 17184096578 33094
2145 2113793 32769
262944 135274496 135266368
196608 131072 16777216
4224 67633184 5120
2112 4096 655360
524288 21743272017 33818640
17921 5100273720 32784
16480 270549504 49664
608 270557184 896
353280 2114048 8503300
112 270549248 33025
4256 67764256 67638304
176 8657092608 33072
339974 16896 114692
819200 100663296 50331648
557056 35932369 146800640
2050 384 1
528 11542724608 33040
16896 12079595520 512
96 270554240 35932305
2144 2118785 35933329
800 2147483648 3840
69638 790528 67108880
524800 15032385536 264208
16384 18253611076 66048
524576 2248146944 17041424
320512 68 8388612
819225 1610612736 4194304
17425 5100273664 16
304 2220883968 33048
198 8192 9088
327690 117440512 16777216
262169 4227394 4194372
294937 1610612802 4194308
32 17179869248 181775190
37024 67371040 67371024
12300 142606404 4
294921 1610612742 4
