73
32768 8388640 9439488
8464 2130056 561152
49344 32768 6291456
8209 2129992 266248
12 1048576 149796
1542 128 45056
26208 1024 12582912
36864 32 9175040
48 2133760 33288
9 3 4161
2572 1179648 149792
37056 4227072 6292160
17472 107520 69632
8192 3072 9437184
35458 15075328 4128
8736 640 36864
57 2129984 4168
6 32768 45067
144 9437184 133152
16 2 12483
153 6553600 4192
3078 32896 45058
12 36864 17
36864 6291456 2884288
8192 2130440 3146496
17 266305 266243
8 790595 2
4368 58 524288
89 4231168 4176
3072 40960 77826
192 4194304 6292992
34944 15337472 135168
33040 6815776 659456
16384 4390928 5244160
272 532610 532480
16401 4231184 266256
35456 1181696 133408
2384 4235264 69760
771 61 4
4113 57 266244
514 16244605 4096
35488 133120 2304
1542 102400 16
20480 4227088 4980736
17984 148480 66832
80 4407296 66576
8226 576 4104
16656 4235280 593920
8208 2133768 1082120
37024 2129920 704
4112 4 1064964
16 15978300 1048832
1536 147456 83216
4368 1065220 20480
2448 6815744 135296
16400 4407312 1115408
6 1064960 4
2352 2130048 36992
4880 1065216 16388
3076 8320 2
10 32832 9
12288 2129928 2883584
25 266307 4163
17986 103424 4112
8224 3328 33544
2320 532608 8320
2570 15073280 32
4882 1065277 4100
32784 9437216 1181984
32785 6553632 266272
18016 132096 12584192
1632 131072 12585984
3084 131072 149760
