118
161796 84214277 17432832
524800 528289038459 16777217
819200 36 1426063541
896 1627414784 16384
159748 34210314 34210304
524312 42983227904 33554954
895850 268435460 624230400
800 83887360 17152
160 97 16384
984010 1690304612 2149580960
922652 12583012 2097312
65600 872428544 57344
5120 1048576 1572888
10 48640 2147483776
67586 40960 620766464
160 83887365 16793856
524292 429504856164 251662090
16394 21558730240 3014693
864 268439576 268439552
328010 551903297536 2155872256
885610 268435620 2150957237
16392 43452997120 2949157
960 1685873764 83887360
28676 655370 50528256
524288 532584071292 1325420298
10250 7680 623771648
16401 68719476740 3473445
852800 1077936192 3758096608
5 4194304 1073741888
68450 268439556 624239872
67906 137975857152 629155072
946204 6291556 2097152
131204 2031616 16846592
1024 1048596 1048576
136324 1048591 16849408
524801 68719476767 16783873
524824 43033560320 16777729
66402 268439716 2150990005
524314 21558723072 16777482
1013790 1792 16777472
270344 140123308032 8388608
68546 1684038756 622863616
946364 83887370 16777728
65602 3019944960 2150465709
10 21558722560 3014702
885600 268435492 3036676277
68418 138519003232 627057920
24 42949672960 50331651
26624 84221445 720896
66498 1690330212 2149613728
557600 268435487 6656
66496 1681941604 2684412064
4096 262144 327680
16384 116417101824 2424869
262208 134218240 134218240
852810 550842138816 2153775328
169125 15 16783872
16400 412323151968 6291493
524304 30182211584 10
524804 429504790628 16781057
984000 1681916004 2684354720
16 824646303936 6291552
4 429503283300 234881038
844825 4 3473408
279560 549755813888 8388608
5124 1048586 453181464
787480 549768396992 6291680
20 429509312612 2097184
64 134219776 134219776
131076 1572864 252317440
66368 1077952576 3758153952
328000 1280 256
135172 117899271 655360
524826 21558723840 16777473
557920 268435480 268442112
946204 33554954 33554944
5125 10 402653208
65858 551903330304 2155905024
168965 8 436214272
67650 335549440 623715584
338250 137975824384 629145600
1 68719476762 452984859
320 258704670720 2560
922629 4194404 1073741984
832 258779922556 1157645568
863050 138518986848 627048448
811032 137445245024 6291456
24576 503979530 524288
320 32768 2768282880
159876 84542730 16843264
524800 275951648768 20224
525120 258779906172 1157648128
994250 1684013156 622854144
17 68719476900 3473461
800 268439552 21760
161924 84215045 16843008
65600 2560 2902458541
65610 3019947520 2150432941
327680 512 184549632
8 46137392640 2949165
1024 549764202624 14680288
844825 10 50331648
787457 4194368 224
524289 68719476760 436214282
16384 30182211584 655360
136196 1048584 436869632
168965 100 1073741824
4 1703936 196611
75850 335552000 623706112
656320 1685848164 83889920
66370 550842155200 2153808096
656000 1685782628 3840
66400 268439588 3036733621
262400 251659520 512
16404 429503021156 2097189
819225 164 3473589
5120 4194304 1077936128
5120 8388608 10485920
