247
1 4294967312 6442715160
2 33556480 70923868700692
4 137439019008 1073741828
4 274878038016 2147483656
4 549756076032 4563402769
10 70368786120704 79164837199890
17 17597554753536 68
36 75488613629952 294930
81 17592186044416 444202697621605
1024 8796231442688 8864812531968
1280 528384 27218951040
2048 281492693450818 1056768
2176 32770 1775432121216
4096 152909427277856 536903938
10240 281474976710656 425511001534464
16385 589794920981 264192
16512 294930 34395392640
18432 22268331688000 656512
32768 1084228228 17729625328128
33024 2304 268437504
33024 544896 268436096
33792 39719883776000 1075315392
49152 1073741828 1073939972
49153 1115687428 1074006020
49155 41945600 1073741828
65536 172067209217 280704
81920 268435457 110810424820865
81921 584384266241 268699649
82560 294912 557272009728
132096 182656528547840 1572928
163840 8388608 1114112
163840 554084335616 224300372901888
264192 444497976623104 17432576
278528 138512695296 1114112
753700 554050781184 294912
868352 137438953472 444202699571286
868388 141733920768 294998
1048576 4432674684928 835635
1048576 17592186044416 1114112
1048612 74801418862592 294963
1048650 70368744177664 51
4194304 1024 285212672
4194304 4257 278921216
6307968 33 34395389952
8388608 131080 25166848
8388608 835635 34361835648
8405120 294963 34395390080
8487680 540672 34359739520
10485760 8 274928238592
16777216 74767906382144 1084227584
16777216 149550899667264 201326656
35651584 258 618655645696
56624384 256 4938792960
67108864 22681723371522 35653632
67108864 424480745750530 71335936
75497472 561408 37751040
75497472 1048576 142606336
75498752 528640 106957056
75504256 32768 2304
268435457 2330 5402263552
272629761 2337 301989888
278921217 59 33554432
541098242 7552 268435456
805306371 2304 554319216640
1073741828 427008 3221226496
1073774852 541696 268436480
1073824388 294920 7516193792
1082196484 671752 1024
1342259845 8 7516192768
1610612742 1024 277293826048
2147483648 134225920 17179869248
2147483648 69260574978 150710939287586
2164294658 41951488 1073741888
2164392968 197132288 64
2684355840 8192 27254587392
2705327360 8514 142606336
2740978944 322 4974444544
4294967296 2216204173376 17179869248
4294967297 74773249916930 2415919144
4294967312 224307368165376 16777256
4328785936 25232932864 16777216
4563404928 64 2359547658240
8589934596 40407085908224 4563437602
8589934624 181213297901568 32802
8589968388 137473556736 1073776704
8657113092 687195848704 34816
8657571872 3229815406592 32768
9663676416 1617986 18253619712
9663677696 536576 27111989760
9663678592 32834 23085457920
9663681024 1048576 8704
10737422336 69256380418 536870914
12884901888 2199024304128 425537307713890
12884905984 2199561175042 537960706
16968058112 66 4831838208
17179869184 141845590442016 9127366946
17179869184 281474976710656 17179869248
17179873280 150641683464224 537432322
17179878400 8796093022208 561408
17315143744 413416372043776 16810048
343597383680 4128 3470402781184
343633035264 288 618544496640
343693852672 4352 69206016
549755813888 25904029792 283673999966208
588678957184 12384 2336462209024
824633720832 134225920 292538813554944
824633721856 671096834 8864813588736
837518629888 536870914 1089792
927712938112 32 1761205026816
932276340864 12320 2345320579072
944624371840 12288 8858370048
1099511627776 3367864144130 141845589917728
1101659111424 69327687938 150710402416672
1112396529664 2207614238752 425519589883936
1125281431552 1108102086688 8589934624
1236950581248 557090 1133871370368
1236950581248 1048576 2336462209024
1236950583424 32802 1752346660992
1236950587136 524288 4224
1374389535744 608178434 8864812498944
1821101785088 34 618475290624
2199023255552 4398046511104 467196324742826
2199023255552 422212532178944 141837000511488
2199023256576 8796160135168 8864813027328
2199023263744 57175695163456 1075447488
2199023265792 281483566645280 425511000477696
2199023267840 149542171312160 528384
2199023282176 21991306297408 281612559976064
2199023297536 39582435377152 35462472926920
2199073613824 1073741888 281612558270464
2199157473280 92496450289920 249561088
2199174250496 74766824243456 9351467106370
2199224582144 22127672557568 281612666309120
2199224608768 21990232555520 281612559354368
2199224685568 137440002048 281612416748032
2203335008257 74767864430656 1073741888
2205465748483 16777216 277025390656
2209911668742 33554688 9351217545282
2216203124736 110230335651842 6710921258
2216203132928 92358976733184 1073776704
2216270252032 21994527522818 34816
2220498092033 74771085656066 9352597471274
2220598755329 4294967298 9345886584832
2220649086977 74766790688768 9351255294018
2224793059332 39857296506880 35465961049130
2224793101316 39582418599936 35461397611528
2224793147396 274877906944 274877940736
2476048646144 67112960 150701812482048
3861175609344 8589934624 425510999949312
4398046511104 2432697353 106377750119424
4398046527488 278099263500 132096
4398046543872 1090520068 17729625129984
4398046593024 275146473473 110810156368896
4432406249472 68 687203155968
4432408346624 1258221 8388608
4432412540928 12961 34368126976
4432416735232 1245192 274886295552
4947802324992 268435488 176231167295488
4947835879424 589763752034 69206016
4947852656640 1084239936 281612484870144
4947902988288 588411076610 9345918042112
8796093022210 590610713752 70918499991552
8796093054976 137464186368 17729624997888
8864812498944 8704 172872433664
8865349369858 1257302 1073741824
8865617805315 2390 550829555712
8866423111686 1246208 275951648768
9070970929152 2101248 422384532193312
9073118412802 586584461600 268435488
9077413380099 2432696352 35459518431264
9081708347398 584149664000 9346117271584
13194139533312 16778240 53191022477320
13194139533314 6459229208 70920647475208
13194139533315 6442450968 2147483656
17592186044416 309239890048 75350906241024
17729624997888 1114112 412316860928
17729625063936 1962710 512
17729625080448 294998 549755814400
17729625096960 553600 34359738880
18691697672192 34360262656 150117697454208
18691697741824 449104588832 524416
18691697760256 277293826080 35459250520192
18691697775616 137450500096 281612416188544
21990232637440 274878038016 110810156236800
26388279066624 2097280 22162300029569
26388279066626 584117928064 70918768427009
26388279099392 137441116288 17729625344640
26388279148551 584115830784 268435457
26388279164928 137439019008 346752
31026850136832 12928 34359738368
31027649135235 86 549755813888
31028464844806 1245184 274877906944
32710521361408 10498048 281612415664128
32716913465347 2415919136 35459249995776
32721309007878 584116109312 9345848836096
35459249995776 69206016 422212465066016
35461397479432 1763476242432 32
35465692446744 11022630912 35184372088864
35469987414056 1752384405504 8796093022240
70918499991552 8858370048 175921927553024
70918533545984 1784502288384 67108864
70918550323200 18465423360 281475043819520
70918600654848 1757178494976 8796160131072
74766790688768 1350565888 299067162755072
118747255799808 8388608 378231999955030
118747255799818 4303355904 79164837199958
118747256668223 4294967296 86
141836999983104 1133871366144 149533581901824
141837000511488 3756429148160 524288
141837000643584 2336674021376 281474977234944
141837000775680 285883760640 35184372613120
158329674399744 725885124608 145135535407104
158329674563584 554086432768 224300372606976
158329675268096 137707388928 444202698162176
158329676038144 34628173824 540672
202310139510794 4330618880 79164837199872
248214800962560 211812352 281474976710656
248221193213976 11005853696 35184372088832
248225588052008 1752346656768 8796093022208
281474976710656 21990234652672 145135534866465
281474976710666 70368746274816 79164837199905
281474976710737 17592454479872 444202697621537
281474976710756 74767059124224 33
281474977579108 274877906944 35184372252672
281474977923099 16777216 35184372088904
283673999966208 145135534866432 466193137401898
283674001022976 479405340098560 18481216
283674001155072 180319923732480 35184373792840
283674001287168 444220951232512 281475129409536
283674051618816 18253611008 281475127705600
283674134183936 525704034779136 205553728
283674150961152 224300409815040 8796298543170
283674201292800 446539159830528 281475183312896
283674201953280 2336462209024 281474977792000
283674202613760 444202697621504 281475128786944
283678312767504 224318642454528 16777280
283682724250656 182656406913024 32832
283684888379432 37748736 8796093022274
283691179835456 259764453900288 16810026
283691247208512 444482407366656 16809984
283695474802768 224305203904512 8796113993770
283695575466064 4831838208 8796113993728
283695625797712 224300372066304 8796113993794
283699769770080 180594784862208 35184372252714
283699770958944 180319906955264 35184372252744
325455441985536 2097152 224300372066304
514571442667601 268435456 444202697621504
