R 528 880935024 2688
R 532 260083777 85
R 297 1048586 128
R 201 1048704 132
R 515 335544336 2389
R 10 4194304 24
R 564 8519745 96
R 561 49 32
R 19 335544320 48
R 195 1048644 2372
R 560 914489456 2720
R 396 8320 35
R 4 260149313 20
R 2 4195344 1040
R 608 2112 3072
R 896 167772160 576
R 194 1130756 1028
R 512 268435472 1365
R 265 532618 136
R 66 1134404 1024
R 160 9568324 2112
R 546 2128 1056
R 384 176193536 2275
R 128 1065220 1280
R 480 1048576 384
R 320 512 1536
R 3 335544400 2405
R 258 4194816 1032
R 264 15474826 8
R 544 905971792 2080
R 5 8396993 33
R 32 914489464 640
R 198 82048 4
R 9 8913024 130
R 256 2130432 520
R 192 1048896 260
R 28 8650752 9
R 99 1048580 2368
R 1 532610 10
R 20 260341760 65
R 528 192974913 21
R 660 167936 64
R 276 8683520 72
R 400 167804928 2723
R 393 8396928 163
R 15 128 6
R 16 134250496 2730
