73
32768 8388640 8521760
8448 2130056 557056
49344 32768 6553600
8193 2130504 266249
204 9437184 2048
1542 128 40960
26112 1024 13631488
36864 32 10223616
48 2131712 576
153 11 64
2668 9568256 2052
37056 4227072 6595210
17408 107520 69632
8192 3072 8388608
35330 12978176 4132
8704 640 32768
169 2130496 72
2572 131072 2080
144 1048576 2304
16 2 192
9 4456448 101
3238 32896 40962
204 4096 17
36864 6291456 2663050
8192 2130440 3461965
1 2396745 266243
136 2921035 2
4352 58 524288
201 4198400 81
3264 40960 77826
192 4194304 6657625
34816 15337472 151552
33024 6815776 675840
16384 4390928 5326100
256 532610 532480
16385 4198416 266256
35360 9570304 18436
2496 4235264 77954
771 21 4
4097 49 266244
514 5592405 4096
35328 133120 133152
1542 69632 16
20480 4227088 4980736
17952 17408 17668
80 4276224 1024
8194 64 4105
16640 4235280 593920
8208 2131720 1065796
37024 2129920 41610
4112 36 1064964
16 7456540 1065220
1632 16384 1284
4352 9586980 20480
2304 6815744 159874
16400 4276240 1066244
1536 131072 13845780
2464 2130048 41090
4896 9586944 16388
102 9584640 4
170 33344 8
12288 2129928 2621440
102 32768 40970
17922 70656 4112
8224 1280 17220
2432 532608 130
2570 12976128 36
4866 9586965 4100
32784 1048608 1067012
32769 4456480 266276
17920 132096 13714708
137 2396747 66
3204 8320 2
