R 8 16778240 131080
R 10 3225 10
R 11 6711296025 16385
R 15 963155264000 81925
R 19 33556480 21
R 19 134225920 64
R 20 17314095104 1081410
R 27 6476007424 262160
R 47 970730246144 540705
R 64 7998 8589938688
R 64 536903682 1408
R 192 20129693440 1152
R 256 1099512217600 512
R 704 17445167104 9344
R 1024 13958905856 2176
R 1280 549756076032 3072
R 2048 137438953472 3489662592
R 2304 1099511627776 4096
R 3328 549755813888 6442454016
R 4096 16107110460 2705506315
R 4097 4773 11
R 4097 16644014142 17856233472
R 4107 16107115161 16395
R 8194 134219008 2
R 8200 138413056 131074
R 20485 1031866384896 15
R 20495 963146875392 81935
R 32776 155189248 3517136896
R 32795 33554432 5681528832
R 40960 138412032 1179714
R 40970 1 66
R 40970 134217729 66
R 69649 6979323904 26
R 69659 6442452992 262170
R 77824 2048 5681528832
R 151589 1039382614016 43
R 151599 970663137280 540715
R 262144 9932718117 270532608
R 1863680 20002644224 32770
R 1863680 172872515584 8388608
R 1863700 19998449664 1081346
R 2129920 10010317440 16385
R 2129928 35653760 18890753
R 2129935 172880904704 8404993
R 2129947 301991936 35667969
R 2129967 180456263680 67125249
R 2621440 190840832 153108480
R 2654216 190843008 18890752
R 2666507 9932722816 16384
R 2682895 172872516096 8404992
R 2732059 268437504 35667968
R 2813999 180389154816 67125248
R 3993600 4194304 1081410
R 5058560 268435456 35651584
R 5058560 19864223744 1048576
R 5242880 19864223744 6493175808
R 5324800 1073741824 75502080
R 5324800 2147483648 426010
R 5324820 2684354560 1081370
R 8519680 69256380672 20971520
R 10383360 1271310319616 67108864
R 16781312 258 2705326080
R 17039360 3483 289406976
R 33554432 197132288 9739763712
R 33554432 197144394 11005858944
R 33554496 264257354 8589939840
R 50331648 74 17315135488
R 50335744 138420554 2705358850
R 50335745 134225994 17856233474
R 50593792 190852554 285212672
R 67108864 3230890688516 20832272384
R 67112960 963146874884 2705571855
R 67112961 1031866384388 17856233487
R 67371008 172872515588 278921216
R 83886080 1073741828 9663681024
R 83886144 1100585893892 8589939200
R 134217728 197132288 9739763712
R 134250504 41945600 3565753508
R 134250511 1082130944 76091940
R 134250523 1107298304 5713238180
R 134251016 109058560 67638432
R 134251023 1100594283008 67637792
R 134251035 9697232896 67639456
R 134251055 1108169199616 67633184
R 167772160 8256 28185736320
R 167772224 264249408 8589948032
R 167772800 264241152 67646592
R 167804936 197134848 3565753472
R 167805576 264247808 67638400
R 167833615 1073742336 76091904
R 167834255 1100585894400 67637760
R 167882779 1073743872 5713238144
R 167883419 9663678464 67639424
R 167965359 1108102090752 67633152
R 184553472 138420288 2706407490
R 184553473 134225984 17856233538
R 184811520 190849088 419430400
R 268435456 24159191056 23808311296
R 268439552 6442450960 2705752090
R 268439553 6979321872 17856233498
R 268697600 268435472 301989888
R 285212672 1073741840 13153343616
R 285212736 9663676432 8589940864
R 318844928 1073741824 5637147264
R 318846144 9663676416 67115136
R 323749056 1108102086656 67108864
R 324039872 1100585893888 67113472
R 340787200 549756076032 6442450944
R 340788480 1099512152064 4608
R 536872960 3092377927680 3652403200
R 537004032 824634114048 21217295
R 537004064 893353623552 139493391
R 545261568 34359754752 10485760
R 603979776 8590458912 28407644160
R 603979776 3229815406592 17179877376
R 603981824 3229816881152 3652411392
R 603982272 19865436160 135274496
R 603983104 19864485888 6628450304
R 603983872 970663133216 2706030635
R 603983873 1039382609952 17856233515
R 604127232 962072674304 21677355
R 604127268 1030792151040 139501867
R 604129280 962073067520 21218575
R 604129316 1030792577024 139501839
R 604129600 536903936 20972800
R 604129728 20003856640 21005570
R 604129764 19999662080 139501826
R 604130240 17319337984 22054210
R 604130276 17315143680 139501890
R 604130560 2147745792 21398810
R 604130596 2684616704 139501850
R 604241920 180389150752 337641472
R 613416960 171798691840 69206144
R 613419008 171798708224 10485888
R 613419264 6711296025 128
R 613419328 536907161 20971648
R 613419456 20056288640 16777344
R 613419968 17371766784 150995072
R 613420288 4563664896 33554560
R 620757056 1108102086688 8589934592
R 630458688 3225 20971520
R 656148928 2562486075392 135266304
R 656280000 2562624495872 21004290
R 656280032 2562620301312 139493378
R 664537536 2562676927872 16777216
R 792595392 2216342593536 22052930
R 792595424 2216338399232 139493442
R 800852928 2216395022336 150994944
R 877661440 569620299776 6628442112
R 877792512 551903559680 21397530
R 877792544 552440430592 139493402
R 886050048 554319478784 33554432
